800,600
0,0,1
0,20,1
0,40,1
0,60,1
0,80,1
0,100,1
0,120,1
0,140,1
0,160,1
0,180,1
0,200,1
0,220,1
0,240,1
0,260,1
0,280,1
0,300,1
0,320,1
0,340,1
0,360,1
0,380,1
0,400,1
0,420,1
0,440,1
0,460,1
0,480,1
0,500,1
0,520,1
0,540,1
0,560,1
0,580,1
20,0,1
20,20,1
20,40,1
20,60,1
20,80,3
20,100,3
20,120,1
20,140,1
20,160,1
20,180,1
20,200,1
20,220,1
20,240,1
20,260,1
20,280,1
20,300,3
20,320,3
20,340,3
20,360,1
20,380,1
20,400,3
20,420,1
20,440,1
20,460,1
20,480,1
20,500,3
20,520,1
20,540,1
20,560,1
20,580,1
40,0,1
40,20,2
40,40,2
40,60,2
40,80,2
40,100,2
40,120,2
40,140,2
40,160,2
40,180,2
40,200,1
40,220,1
40,240,2
40,260,2
40,280,2
40,300,2
40,320,2
40,340,2
40,360,2
40,380,2
40,400,2
40,420,2
40,440,2
40,460,2
40,480,2
40,500,2
40,520,2
40,540,2
40,560,4
40,580,1
60,0,1
60,20,2
60,40,2
60,60,2
60,80,2
60,100,2
60,120,2
60,140,2
60,160,2
60,180,4
60,200,1
60,220,1
60,240,2
60,260,2
60,280,2
60,300,2
60,320,2
60,340,2
60,360,2
60,380,2
60,400,2
60,420,2
60,440,2
60,460,2
60,480,2
60,500,2
60,520,2
60,540,2
60,560,2
60,580,1
80,0,1
80,20,2
80,40,2
80,60,2
80,80,2
80,100,2
80,120,2
80,140,2
80,160,2
80,180,2
80,200,1
80,220,1
80,240,2
80,260,2
80,280,2
80,300,2
80,320,2
80,340,2
80,360,2
80,380,2
80,400,2
80,420,2
80,440,2
80,460,2
80,480,2
80,500,2
80,520,2
80,540,2
80,560,2
80,580,1
100,0,1
100,20,2
100,40,2
100,60,2
100,80,2
100,100,2
100,120,2
100,140,2
100,160,2
100,180,2
100,200,1
100,220,1
100,240,2
100,260,2
100,280,2
100,300,2
100,320,2
100,340,2
100,360,2
100,380,1
100,400,1
100,420,1
100,440,3
100,460,1
100,480,1
100,500,1
100,520,2
100,540,2
100,560,2
100,580,1
120,0,1
120,20,2
120,40,2
120,60,2
120,80,2
120,100,2
120,120,2
120,140,2
120,160,2
120,180,2
120,200,1
120,220,1
120,240,2
120,260,2
120,280,2
120,300,2
120,320,2
120,340,2
120,360,2
120,380,1
120,400,1
120,420,1
120,440,1
120,460,1
120,480,1
120,500,1
120,520,2
120,540,2
120,560,2
120,580,1
140,0,1
140,20,2
140,40,2
140,60,2
140,80,2
140,100,2
140,120,2
140,140,2
140,160,2
140,180,2
140,200,1
140,220,1
140,240,2
140,260,2
140,280,2
140,300,2
140,320,2
140,340,2
140,360,2
140,380,1
140,400,1
140,420,1
140,440,1
140,460,1
140,480,1
140,500,3
140,520,2
140,540,2
140,560,2
140,580,3
160,0,1
160,20,2
160,40,2
160,60,2
160,80,2
160,100,2
160,120,2
160,140,2
160,160,2
160,180,2
160,200,1
160,220,1
160,240,2
160,260,2
160,280,2
160,300,2
160,320,2
160,340,2
160,360,2
160,380,1
160,400,1
160,420,1
160,440,1
160,460,1
160,480,1
160,500,3
160,520,2
160,540,2
160,560,2
160,580,3
180,0,1
180,20,2
180,40,2
180,60,2
180,80,2
180,100,2
180,120,2
180,140,1
180,160,2
180,180,2
180,200,1
180,220,1
180,240,2
180,260,2
180,280,2
180,300,2
180,320,2
180,340,3
180,360,3
180,380,3
180,400,1
180,420,1
180,440,1
180,460,1
180,480,1
180,500,3
180,520,2
180,540,2
180,560,2
180,580,3
200,0,1
200,20,2
200,40,2
200,60,2
200,80,2
200,100,2
200,120,2
200,140,1
200,160,2
200,180,2
200,200,1
200,220,1
200,240,2
200,260,2
200,280,2
200,300,2
200,320,2
200,340,3
200,360,3
200,380,3
200,400,1
200,420,1
200,440,1
200,460,1
200,480,1
200,500,1
200,520,2
200,540,2
200,560,2
200,580,1
220,0,1
220,20,2
220,40,2
220,60,2
220,80,2
220,100,2
220,120,2
220,140,1
220,160,2
220,180,2
220,200,1
220,220,1
220,240,2
220,260,2
220,280,2
220,300,2
220,320,2
220,340,2
220,360,2
220,380,1
220,400,1
220,420,1
220,440,1
220,460,1
220,480,1
220,500,1
220,520,2
220,540,2
220,560,2
220,580,1
240,0,1
240,20,2
240,40,2
240,60,2
240,80,2
240,100,2
240,120,2
240,140,1
240,160,2
240,180,2
240,200,1
240,220,1
240,240,2
240,260,2
240,280,2
240,300,2
240,320,2
240,340,2
240,360,2
240,380,1
240,400,1
240,420,1
240,440,1
240,460,1
240,480,1
240,500,1
240,520,2
240,540,2
240,560,2
240,580,1
260,0,1
260,20,2
260,40,2
260,60,2
260,80,2
260,100,2
260,120,2
260,140,1
260,160,2
260,180,2
260,200,1
260,220,1
260,240,2
260,260,2
260,280,2
260,300,2
260,320,2
260,340,2
260,360,2
260,380,1
260,400,1
260,420,1
260,440,1
260,460,1
260,480,1
260,500,1
260,520,2
260,540,2
260,560,2
260,580,1
280,0,1
280,20,2
280,40,2
280,60,2
280,80,2
280,100,2
280,120,2
280,140,1
280,160,2
280,180,2
280,200,1
280,220,1
280,240,2
280,260,2
280,280,2
280,300,2
280,320,2
280,340,2
280,360,2
280,380,1
280,400,1
280,420,1
280,440,1
280,460,1
280,480,1
280,500,1
280,520,2
280,540,2
280,560,2
280,580,1
300,0,1
300,20,2
300,40,2
300,60,2
300,80,1
300,100,2
300,120,2
300,140,1
300,160,2
300,180,2
300,200,1
300,220,1
300,240,2
300,260,2
300,280,2
300,300,1
300,320,2
300,340,2
300,360,2
300,380,1
300,400,1
300,420,1
300,440,1
300,460,1
300,480,1
300,500,2
300,520,2
300,540,2
300,560,2
300,580,1
320,0,1
320,20,2
320,40,2
320,60,2
320,80,1
320,100,2
320,120,2
320,140,1
320,160,2
320,180,2
320,200,1
320,220,1
320,240,2
320,260,2
320,280,2
320,300,2
320,320,2
320,340,2
320,360,2
320,380,1
320,400,1
320,420,1
320,440,1
320,460,1
320,480,1
320,500,2
320,520,2
320,540,2
320,560,2
320,580,3
340,0,1
340,20,2
340,40,2
340,60,2
340,80,1
340,100,2
340,120,2
340,140,2
340,160,2
340,180,2
340,200,1
340,220,1
340,240,2
340,260,2
340,280,2
340,300,2
340,320,2
340,340,2
340,360,2
340,380,1
340,400,1
340,420,1
340,440,1
340,460,1
340,480,1
340,500,2
340,520,2
340,540,2
340,560,2
340,580,3
360,0,1
360,20,2
360,40,2
360,60,2
360,80,1
360,100,2
360,120,2
360,140,2
360,160,2
360,180,2
360,200,1
360,220,1
360,240,2
360,260,2
360,280,2
360,300,2
360,320,2
360,340,2
360,360,2
360,380,3
360,400,1
360,420,1
360,440,1
360,460,1
360,480,1
360,500,2
360,520,2
360,540,2
360,560,2
360,580,3
380,0,1
380,20,2
380,40,2
380,60,2
380,80,1
380,100,2
380,120,2
380,140,2
380,160,2
380,180,2
380,200,1
380,220,1
380,240,2
380,260,2
380,280,2
380,300,2
380,320,2
380,340,2
380,360,2
380,380,3
380,400,1
380,420,1
380,440,1
380,460,1
380,480,1
380,500,2
380,520,2
380,540,2
380,560,2
380,580,3
400,0,1
400,20,2
400,40,2
400,60,2
400,80,1
400,100,2
400,120,2
400,140,2
400,160,2
400,180,2
400,200,1
400,220,1
400,240,2
400,260,2
400,280,2
400,300,2
400,320,2
400,340,2
400,360,2
400,380,3
400,400,1
400,420,1
400,440,1
400,460,1
400,480,1
400,500,2
400,520,2
400,540,2
400,560,2
400,580,3
420,0,1
420,20,2
420,40,2
420,60,2
420,80,1
420,100,2
420,120,2
420,140,2
420,160,2
420,180,2
420,200,1
420,220,1
420,240,2
420,260,2
420,280,2
420,300,2
420,320,2
420,340,2
420,360,2
420,380,3
420,400,1
420,420,1
420,440,1
420,460,1
420,480,1
420,500,2
420,520,2
420,540,2
420,560,2
420,580,1
440,0,1
440,20,2
440,40,2
440,60,2
440,80,1
440,100,2
440,120,2
440,140,2
440,160,2
440,180,2
440,200,1
440,220,1
440,240,2
440,260,2
440,280,2
440,300,2
440,320,2
440,340,2
440,360,2
440,380,3
440,400,1
440,420,1
440,440,1
440,460,1
440,480,1
440,500,1
440,520,2
440,540,2
440,560,2
440,580,1
460,0,1
460,20,2
460,40,2
460,60,2
460,80,2
460,100,2
460,120,2
460,140,2
460,160,2
460,180,3
460,200,1
460,220,1
460,240,2
460,260,2
460,280,2
460,300,2
460,320,2
460,340,2
460,360,2
460,380,3
460,400,1
460,420,1
460,440,1
460,460,1
460,480,1
460,500,1
460,520,2
460,540,2
460,560,2
460,580,1
480,0,1
480,20,2
480,40,2
480,60,2
480,80,2
480,100,2
480,120,2
480,140,2
480,160,2
480,180,2
480,200,1
480,220,1
480,240,2
480,260,2
480,280,2
480,300,2
480,320,2
480,340,2
480,360,2
480,380,1
480,400,1
480,420,1
480,440,1
480,460,1
480,480,1
480,500,1
480,520,2
480,540,2
480,560,2
480,580,1
500,0,1
500,20,2
500,40,2
500,60,2
500,80,2
500,100,2
500,120,2
500,140,2
500,160,2
500,180,2
500,200,1
500,220,1
500,240,2
500,260,2
500,280,2
500,300,4
500,320,2
500,340,2
500,360,2
500,380,1
500,400,1
500,420,1
500,440,1
500,460,1
500,480,1
500,500,1
500,520,2
500,540,2
500,560,2
500,580,1
520,0,1
520,20,2
520,40,2
520,60,3
520,80,3
520,100,2
520,120,2
520,140,2
520,160,2
520,180,2
520,200,1
520,220,1
520,240,2
520,260,2
520,280,2
520,300,2
520,320,2
520,340,2
520,360,2
520,380,1
520,400,1
520,420,1
520,440,1
520,460,1
520,480,1
520,500,1
520,520,2
520,540,2
520,560,3
520,580,1
540,0,1
540,20,2
540,40,2
540,60,2
540,80,2
540,100,2
540,120,2
540,140,2
540,160,2
540,180,2
540,200,1
540,220,1
540,240,2
540,260,2
540,280,2
540,300,2
540,320,2
540,340,2
540,360,2
540,380,3
540,400,1
540,420,1
540,440,1
540,460,1
540,480,1
540,500,1
540,520,2
540,540,2
540,560,2
540,580,1
560,0,1
560,20,2
560,40,2
560,60,2
560,80,2
560,100,2
560,120,2
560,140,2
560,160,2
560,180,2
560,200,1
560,220,1
560,240,2
560,260,2
560,280,2
560,300,2
560,320,2
560,340,2
560,360,2
560,380,3
560,400,1
560,420,1
560,440,1
560,460,1
560,480,1
560,500,1
560,520,2
560,540,2
560,560,2
560,580,1
580,0,1
580,20,2
580,40,2
580,60,2
580,80,2
580,100,2
580,120,1
580,140,2
580,160,2
580,180,2
580,200,1
580,220,1
580,240,2
580,260,2
580,280,2
580,300,2
580,320,2
580,340,2
580,360,2
580,380,3
580,400,1
580,420,1
580,440,1
580,460,1
580,480,1
580,500,1
580,520,3
580,540,2
580,560,2
580,580,1
600,0,1
600,20,2
600,40,2
600,60,2
600,80,2
600,100,2
600,120,1
600,140,2
600,160,2
600,180,2
600,200,1
600,220,1
600,240,2
600,260,2
600,280,2
600,300,2
600,320,2
600,340,2
600,360,2
600,380,3
600,400,1
600,420,1
600,440,1
600,460,1
600,480,1
600,500,1
600,520,2
600,540,2
600,560,2
600,580,1
620,0,1
620,20,2
620,40,2
620,60,2
620,80,2
620,100,2
620,120,1
620,140,2
620,160,2
620,180,2
620,200,1
620,220,1
620,240,2
620,260,2
620,280,2
620,300,2
620,320,2
620,340,2
620,360,2
620,380,3
620,400,1
620,420,1
620,440,1
620,460,1
620,480,1
620,500,1
620,520,2
620,540,2
620,560,2
620,580,1
640,0,1
640,20,2
640,40,2
640,60,2
640,80,2
640,100,2
640,120,1
640,140,2
640,160,2
640,180,2
640,200,1
640,220,1
640,240,2
640,260,2
640,280,2
640,300,2
640,320,2
640,340,2
640,360,2
640,380,1
640,400,1
640,420,1
640,440,1
640,460,1
640,480,1
640,500,1
640,520,2
640,540,2
640,560,3
640,580,1
660,0,1
660,20,2
660,40,2
660,60,2
660,80,2
660,100,2
660,120,1
660,140,2
660,160,2
660,180,2
660,200,1
660,220,1
660,240,1
660,260,1
660,280,1
660,300,2
660,320,2
660,340,2
660,360,2
660,380,1
660,400,1
660,420,1
660,440,1
660,460,1
660,480,1
660,500,1
660,520,2
660,540,2
660,560,2
660,580,1
680,0,1
680,20,2
680,40,2
680,60,2
680,80,2
680,100,2
680,120,2
680,140,2
680,160,2
680,180,2
680,200,1
680,220,1
680,240,3
680,260,1
680,280,1
680,300,1
680,320,2
680,340,2
680,360,2
680,380,1
680,400,1
680,420,1
680,440,1
680,460,1
680,480,1
680,500,1
680,520,2
680,540,2
680,560,2
680,580,1
700,0,1
700,20,2
700,40,2
700,60,2
700,80,2
700,100,2
700,120,2
700,140,2
700,160,2
700,180,2
700,200,2
700,220,2
700,240,2
700,260,2
700,280,2
700,300,2
700,320,2
700,340,2
700,360,2
700,380,2
700,400,2
700,420,2
700,440,2
700,460,2
700,480,2
700,500,2
700,520,2
700,540,2
700,560,2
700,580,1
720,0,1
720,20,2
720,40,2
720,60,2
720,80,2
720,100,2
720,120,2
720,140,2
720,160,2
720,180,2
720,200,2
720,220,2
720,240,2
720,260,2
720,280,2
720,300,2
720,320,2
720,340,2
720,360,2
720,380,2
720,400,2
720,420,2
720,440,2
720,460,2
720,480,2
720,500,2
720,520,2
720,540,2
720,560,2
720,580,1
740,0,1
740,20,2
740,40,2
740,60,2
740,80,2
740,100,2
740,120,2
740,140,2
740,160,2
740,180,2
740,200,2
740,220,2
740,240,2
740,260,2
740,280,2
740,300,2
740,320,2
740,340,2
740,360,2
740,380,2
740,400,2
740,420,2
740,440,2
740,460,2
740,480,2
740,500,2
740,520,2
740,540,2
740,560,2
740,580,1
760,0,1
760,20,1
760,40,1
760,60,1
760,80,1
760,100,1
760,120,1
760,140,1
760,160,1
760,180,1
760,200,1
760,220,1
760,240,1
760,260,1
760,280,1
760,300,1
760,320,1
760,340,1
760,360,1
760,380,1
760,400,1
760,420,1
760,440,1
760,460,1
760,480,1
760,500,1
760,520,1
760,540,1
760,560,1
760,580,1
780,0,1
780,20,1
780,40,1
780,60,1
780,80,1
780,100,1
780,120,1
780,140,1
780,160,1
780,180,1
780,200,1
780,220,1
780,240,1
780,260,1
780,280,1
780,300,1
780,320,1
780,340,1
780,360,1
780,380,1
780,400,1
780,420,1
780,440,1
780,460,1
780,480,1
780,500,1
780,520,1
780,540,1
780,560,1
780,580,1
109,348,0