0,0,2
0,20,2
0,40,2
0,60,2
0,80,2
0,100,2
0,120,2
0,140,2
0,160,2
0,180,2
0,200,2
0,220,2
0,240,2
0,260,2
0,280,2
0,300,2
0,320,2
0,340,2
0,360,2
0,380,2
0,400,2
0,420,2
0,440,3
0,460,3
0,480,3
0,500,3
0,520,3
0,540,3
0,560,3
0,580,3
20,0,2
20,20,2
20,40,2
20,60,2
20,80,2
20,100,2
20,120,2
20,140,2
20,160,2
20,180,2
20,200,2
20,220,2
20,240,2
20,260,2
20,280,2
20,300,2
20,320,2
20,340,2
20,360,2
20,380,2
20,400,2
20,420,2
20,440,3
20,460,3
20,480,3
20,500,3
20,520,3
20,540,3
20,560,3
20,580,3
40,0,2
40,20,2
40,40,2
40,60,2
40,80,2
40,100,2
40,120,2
40,140,2
40,160,2
40,180,2
40,200,2
40,220,2
40,240,2
40,260,2
40,280,2
40,300,2
40,320,2
40,340,2
40,360,2
40,380,2
40,400,2
40,420,2
40,440,3
40,460,3
40,480,3
40,500,3
40,520,3
40,540,3
40,560,3
40,580,3
60,0,2
60,20,2
60,40,2
60,60,2
60,80,2
60,100,2
60,120,2
60,140,2
60,160,2
60,180,2
60,200,2
60,220,2
60,240,2
60,260,3
60,280,3
60,300,3
60,320,3
60,340,3
60,360,3
60,380,3
60,400,3
60,420,3
60,440,3
60,460,3
60,480,3
60,500,3
60,520,3
60,540,3
60,560,3
60,580,3
80,0,2
80,20,2
80,40,2
80,60,2
80,80,2
80,100,2
80,120,2
80,140,2
80,160,2
80,180,2
80,200,2
80,220,2
80,240,3
80,260,3
80,280,3
80,300,3
80,320,3
80,340,3
80,360,3
80,380,3
80,400,3
80,420,3
80,440,3
80,460,3
80,480,3
80,500,3
80,520,3
80,540,3
80,560,3
80,580,3
100,0,2
100,20,2
100,40,2
100,60,2
100,80,2
100,100,2
100,120,2
100,140,2
100,160,2
100,180,2
100,200,2
100,220,3
100,240,3
100,260,3
100,280,3
100,300,3
100,320,3
100,340,3
100,360,3
100,380,3
100,400,3
100,420,3
100,440,3
100,460,3
100,480,3
100,500,3
100,520,3
100,540,3
100,560,3
100,580,3
120,0,2
120,20,2
120,40,2
120,60,2
120,80,2
120,100,2
120,120,2
120,140,2
120,160,2
120,180,2
120,200,2
120,220,3
120,240,3
120,260,3
120,280,3
120,300,3
120,320,3
120,340,3
120,360,3
120,380,3
120,400,3
120,420,3
120,440,3
120,460,3
120,480,3
120,500,3
120,520,3
120,540,3
120,560,3
120,580,3
140,0,2
140,20,2
140,40,2
140,60,2
140,80,2
140,100,2
140,120,2
140,140,2
140,160,2
140,180,2
140,200,2
140,220,3
140,240,3
140,260,3
140,280,3
140,300,3
140,320,3
140,340,3
140,360,3
140,380,3
140,400,3
140,420,3
140,440,3
140,460,3
140,480,3
140,500,3
140,520,3
140,540,3
140,560,3
140,580,3
160,0,2
160,20,2
160,40,2
160,60,2
160,80,2
160,100,2
160,120,2
160,140,2
160,160,2
160,180,3
160,200,2
160,220,3
160,240,3
160,260,3
160,280,3
160,300,3
160,320,3
160,340,3
160,360,3
160,380,3
160,400,3
160,420,3
160,440,3
160,460,3
160,480,3
160,500,3
160,520,3
160,540,3
160,560,3
160,580,3
180,0,2
180,20,2
180,40,2
180,60,2
180,80,2
180,100,2
180,120,2
180,140,2
180,160,3
180,180,3
180,200,2
180,220,3
180,240,3
180,260,3
180,280,3
180,300,3
180,320,3
180,340,3
180,360,3
180,380,3
180,400,3
180,420,3
180,440,3
180,460,3
180,480,3
180,500,3
180,520,3
180,540,3
180,560,3
180,580,3
200,0,2
200,20,2
200,40,2
200,60,2
200,80,2
200,100,2
200,120,2
200,140,3
200,160,3
200,180,3
200,200,2
200,220,3
200,240,3
200,260,3
200,280,3
200,300,3
200,320,3
200,340,3
200,360,3
200,380,3
200,400,3
200,420,3
200,440,3
200,460,3
200,480,3
200,500,3
200,520,3
200,540,3
200,560,3
200,580,3
220,0,2
220,20,2
220,40,2
220,60,2
220,80,2
220,100,2
220,120,2
220,140,3
220,160,3
220,180,3
220,200,3
220,220,3
220,240,3
220,260,3
220,280,3
220,300,3
220,320,3
220,340,3
220,360,3
220,380,3
220,400,3
220,420,3
220,440,2
220,460,2
220,480,2
220,500,2
220,520,3
220,540,3
220,560,3
220,580,3
240,0,2
240,20,2
240,40,2
240,60,2
240,80,2
240,100,2
240,120,3
240,140,3
240,160,3
240,180,3
240,200,3
240,220,3
240,240,3
240,260,3
240,280,3
240,300,3
240,320,3
240,340,3
240,360,3
240,380,3
240,400,3
240,420,3
240,440,3
240,460,3
240,480,3
240,500,2
240,520,2
240,540,3
240,560,3
240,580,3
260,0,2
260,20,2
260,40,2
260,60,2
260,80,2
260,100,2
260,120,3
260,140,3
260,160,3
260,180,3
260,200,3
260,220,3
260,240,3
260,260,3
260,280,3
260,300,3
260,320,3
260,340,3
260,360,3
260,380,3
260,400,3
260,420,3
260,440,3
260,460,3
260,480,3
260,500,3
260,520,2
260,540,3
260,560,3
260,580,3
280,0,2
280,20,2
280,40,2
280,60,2
280,80,3
280,100,3
280,120,3
280,140,3
280,160,3
280,180,3
280,200,3
280,220,3
280,240,3
280,260,3
280,280,3
280,300,3
280,320,3
280,340,3
280,360,3
280,380,3
280,400,3
280,420,3
280,440,3
280,460,3
280,480,3
280,500,3
280,520,2
280,540,3
280,560,3
280,580,3
300,0,2
300,20,2
300,40,2
300,60,2
300,80,3
300,100,3
300,120,3
300,140,3
300,160,3
300,180,3
300,200,3
300,220,3
300,240,3
300,260,3
300,280,3
300,300,3
300,320,3
300,340,3
300,360,3
300,380,3
300,400,3
300,420,3
300,440,3
300,460,3
300,480,3
300,500,3
300,520,2
300,540,3
300,560,3
300,580,3
320,0,2
320,20,2
320,40,2
320,60,3
320,80,3
320,100,3
320,120,3
320,140,3
320,160,3
320,180,3
320,200,3
320,220,3
320,240,3
320,260,3
320,280,3
320,300,3
320,320,3
320,340,3
320,360,3
320,380,3
320,400,3
320,420,3
320,440,3
320,460,2
320,480,2
320,500,2
320,520,2
320,540,3
320,560,3
320,580,3
340,0,2
340,20,2
340,40,3
340,60,3
340,80,3
340,100,3
340,120,3
340,140,3
340,160,3
340,180,3
340,200,2
340,220,3
340,240,3
340,260,3
340,280,3
340,300,3
340,320,3
340,340,3
340,360,3
340,380,3
340,400,2
340,420,2
340,440,2
340,460,2
340,480,3
340,500,3
340,520,3
340,540,3
340,560,3
340,580,3
360,0,2
360,20,3
360,40,3
360,60,3
360,80,3
360,100,3
360,120,3
360,140,3
360,160,3
360,180,3
360,200,2
360,220,2
360,240,2
360,260,2
360,280,2
360,300,2
360,320,3
360,340,3
360,360,3
360,380,3
360,400,3
360,420,3
360,440,3
360,460,3
360,480,3
360,500,3
360,520,3
360,540,3
360,560,3
360,580,3
380,0,2
380,20,3
380,40,3
380,60,3
380,80,3
380,100,3
380,120,3
380,140,3
380,160,3
380,180,3
380,200,2
380,220,3
380,240,2
380,260,3
380,280,3
380,300,3
380,320,3
380,340,3
380,360,3
380,380,3
380,400,3
380,420,3
380,440,3
380,460,3
380,480,3
380,500,3
380,520,3
380,540,3
380,560,3
380,580,3
400,0,3
400,20,3
400,40,3
400,60,3
400,80,3
400,100,3
400,120,3
400,140,3
400,160,3
400,180,3
400,200,2
400,220,3
400,240,2
400,260,3
400,280,3
400,300,3
400,320,3
400,340,3
400,360,3
400,380,3
400,400,3
400,420,3
400,440,3
400,460,3
400,480,3
400,500,3
400,520,3
400,540,3
400,560,3
400,580,3
420,0,3
420,20,3
420,40,3
420,60,3
420,80,3
420,100,3
420,120,3
420,140,3
420,160,3
420,180,3
420,200,2
420,220,3
420,240,2
420,260,3
420,280,3
420,300,3
420,320,3
420,340,3
420,360,3
420,380,3
420,400,3
420,420,3
420,440,3
420,460,3
420,480,3
420,500,3
420,520,3
420,540,3
420,560,3
420,580,3
440,0,3
440,20,3
440,40,3
440,60,3
440,80,3
440,100,3
440,120,3
440,140,3
440,160,3
440,180,2
440,200,2
440,220,3
440,240,2
440,260,2
440,280,2
440,300,3
440,320,3
440,340,3
440,360,3
440,380,3
440,400,3
440,420,3
440,440,3
440,460,3
440,480,3
440,500,3
440,520,3
440,540,3
440,560,3
440,580,3
460,0,3
460,20,3
460,40,3
460,60,3
460,80,3
460,100,3
460,120,3
460,140,3
460,160,3
460,180,3
460,200,3
460,220,3
460,240,2
460,260,2
460,280,2
460,300,3
460,320,3
460,340,3
460,360,3
460,380,3
460,400,3
460,420,3
460,440,3
460,460,3
460,480,3
460,500,3
460,520,3
460,540,3
460,560,3
460,580,3
480,0,3
480,20,3
480,40,3
480,60,3
480,80,3
480,100,3
480,120,3
480,140,3
480,160,3
480,180,3
480,200,3
480,220,3
480,240,3
480,260,3
480,280,2
480,300,3
480,320,3
480,340,3
480,360,3
480,380,3
480,400,3
480,420,3
480,440,3
480,460,3
480,480,3
480,500,3
480,520,3
480,540,3
480,560,3
480,580,3
500,0,3
500,20,3
500,40,3
500,60,3
500,80,3
500,100,3
500,120,3
500,140,3
500,160,3
500,180,3
500,200,3
500,220,3
500,240,2
500,260,2
500,280,2
500,300,3
500,320,3
500,340,3
500,360,3
500,380,3
500,400,3
500,420,3
500,440,3
500,460,3
500,480,3
500,500,3
500,520,3
500,540,3
500,560,3
500,580,3
520,0,3
520,20,3
520,40,3
520,60,3
520,80,3
520,100,3
520,120,3
520,140,3
520,160,3
520,180,3
520,200,3
520,220,3
520,240,3
520,260,3
520,280,2
520,300,3
520,320,3
520,340,3
520,360,3
520,380,3
520,400,3
520,420,3
520,440,3
520,460,3
520,480,3
520,500,3
520,520,3
520,540,3
520,560,3
520,580,3
540,0,3
540,20,3
540,40,3
540,60,3
540,80,3
540,100,3
540,120,3
540,140,3
540,160,3
540,180,3
540,200,3
540,220,3
540,240,3
540,260,2
540,280,2
540,300,3
540,320,3
540,340,3
540,360,3
540,380,3
540,400,3
540,420,3
540,440,3
540,460,3
540,480,3
540,500,3
540,520,3
540,540,3
540,560,3
540,580,3
560,0,3
560,20,3
560,40,3
560,60,3
560,80,3
560,100,3
560,120,3
560,140,3
560,160,3
560,180,3
560,200,3
560,220,3
560,240,2
560,260,2
560,280,2
560,300,3
560,320,3
560,340,3
560,360,3
560,380,3
560,400,3
560,420,3
560,440,3
560,460,3
560,480,3
560,500,3
560,520,3
560,540,3
560,560,3
560,580,3
580,0,3
580,20,3
580,40,3
580,60,3
580,80,3
580,100,3
580,120,3
580,140,3
580,160,3
580,180,3
580,200,3
580,220,2
580,240,2
580,260,3
580,280,2
580,300,2
580,320,3
580,340,3
580,360,3
580,380,3
580,400,3
580,420,3
580,440,3
580,460,3
580,480,3
580,500,3
580,520,3
580,540,3
580,560,3
580,580,3
600,0,3
600,20,3
600,40,3
600,60,3
600,80,3
600,100,3
600,120,3
600,140,3
600,160,3
600,180,3
600,200,3
600,220,3
600,240,3
600,260,3
600,280,3
600,300,2
600,320,3
600,340,3
600,360,3
600,380,3
600,400,3
600,420,3
600,440,3
600,460,3
600,480,3
600,500,3
600,520,3
600,540,3
600,560,3
600,580,3
620,0,3
620,20,3
620,40,3
620,60,3
620,80,3
620,100,3
620,120,3
620,140,3
620,160,3
620,180,3
620,200,3
620,220,3
620,240,3
620,260,3
620,280,2
620,300,2
620,320,3
620,340,3
620,360,3
620,380,3
620,400,3
620,420,3
620,440,3
620,460,3
620,480,3
620,500,3
620,520,3
620,540,3
620,560,3
620,580,3
640,0,3
640,20,3
640,40,3
640,60,3
640,80,3
640,100,3
640,120,3
640,140,3
640,160,3
640,180,3
640,200,3
640,220,3
640,240,3
640,260,3
640,280,3
640,300,3
640,320,3
640,340,3
640,360,3
640,380,3
640,400,3
640,420,3
640,440,3
640,460,3
640,480,3
640,500,3
640,520,3
640,540,3
640,560,3
640,580,3
660,0,3
660,20,3
660,40,3
660,60,3
660,80,3
660,100,3
660,120,3
660,140,3
660,160,2
660,180,2
660,200,3
660,220,3
660,240,3
660,260,3
660,280,2
660,300,2
660,320,3
660,340,3
660,360,3
660,380,3
660,400,3
660,420,3
660,440,3
660,460,3
660,480,3
660,500,3
660,520,3
660,540,3
660,560,3
660,580,3
680,0,3
680,20,3
680,40,3
680,60,3
680,80,3
680,100,3
680,120,3
680,140,3
680,160,2
680,180,2
680,200,2
680,220,2
680,240,2
680,260,2
680,280,2
680,300,2
680,320,3
680,340,3
680,360,3
680,380,3
680,400,3
680,420,3
680,440,3
680,460,3
680,480,3
680,500,3
680,520,3
680,540,3
680,560,3
680,580,3
700,0,3
700,20,3
700,40,3
700,60,3
700,80,3
700,100,3
700,120,3
700,140,3
700,160,3
700,180,3
700,200,3
700,220,2
700,240,2
700,260,2
700,280,3
700,300,3
700,320,3
700,340,3
700,360,3
700,380,3
700,400,3
700,420,3
700,440,3
700,460,3
700,480,3
700,500,3
700,520,3
700,540,3
700,560,3
700,580,3
720,0,3
720,20,3
720,40,3
720,60,3
720,80,3
720,100,3
720,120,3
720,140,3
720,160,3
720,180,3
720,200,3
720,220,2
720,240,2
720,260,2
720,280,3
720,300,3
720,320,3
720,340,3
720,360,3
720,380,3
720,400,3
720,420,3
720,440,3
720,460,3
720,480,3
720,500,3
720,520,3
720,540,3
720,560,3
720,580,3
740,0,3
740,20,3
740,40,3
740,60,3
740,80,3
740,100,3
740,120,3
740,140,3
740,160,3
740,180,3
740,200,3
740,220,2
740,240,2
740,260,2
740,280,2
740,300,3
740,320,3
740,340,3
740,360,3
740,380,3
740,400,3
740,420,3
740,440,3
740,460,3
740,480,3
740,500,3
740,520,3
740,540,3
740,560,3
740,580,3
760,0,3
760,20,3
760,40,3
760,60,3
760,80,3
760,100,3
760,120,3
760,140,3
760,160,3
760,180,3
760,200,2
760,220,2
760,240,3
760,260,3
760,280,2
760,300,2
760,320,3
760,340,3
760,360,3
760,380,3
760,400,3
760,420,3
760,440,3
760,460,3
760,480,3
760,500,3
760,520,3
760,540,3
760,560,3
760,580,3
780,0,3
780,20,3
780,40,3
780,60,3
780,80,3
780,100,3
780,120,3
780,140,3
780,160,3
780,180,2
780,200,2
780,220,3
780,240,3
780,260,3
780,280,3
780,300,3
780,320,3
780,340,3
780,360,3
780,380,3
780,400,3
780,420,3
780,440,3
780,460,3
780,480,3
780,500,3
780,520,3
780,540,3
780,560,3
780,580,3
339,376,0