800,600
0,0,1
0,20,1
0,40,1
0,60,1
0,80,1
0,100,1
0,120,1
0,140,1
0,160,1
0,180,1
0,200,1
0,220,1
0,240,1
0,260,1
0,280,1
0,300,1
0,320,1
0,340,1
0,360,1
0,380,1
0,400,1
0,420,1
0,440,1
0,460,1
0,480,1
0,500,1
0,520,1
0,540,1
0,560,1
0,580,1
20,0,1
20,20,1
20,40,1
20,60,1
20,80,1
20,100,1
20,120,1
20,140,1
20,160,1
20,180,1
20,200,1
20,220,1
20,240,1
20,260,1
20,280,1
20,300,1
20,320,1
20,340,1
20,360,1
20,380,3
20,400,2
20,420,2
20,440,2
20,460,2
20,480,2
20,500,2
20,520,2
20,540,3
20,560,1
20,580,1
40,0,1
40,20,1
40,40,1
40,60,1
40,80,1
40,100,1
40,120,1
40,140,1
40,160,1
40,180,1
40,200,1
40,220,1
40,240,1
40,260,2
40,280,2
40,300,2
40,320,2
40,340,2
40,360,2
40,380,2
40,400,2
40,420,2
40,440,2
40,460,2
40,480,2
40,500,3
40,520,2
40,540,3
40,560,1
40,580,1
60,0,1
60,20,1
60,40,1
60,60,1
60,80,1
60,100,1
60,120,1
60,140,1
60,160,1
60,180,1
60,200,1
60,220,1
60,240,1
60,260,2
60,280,2
60,300,2
60,320,2
60,340,2
60,360,2
60,380,2
60,400,2
60,420,2
60,440,2
60,460,2
60,480,2
60,500,1
60,520,2
60,540,3
60,560,1
60,580,1
80,0,1
80,20,1
80,40,1
80,60,1
80,80,1
80,100,1
80,120,1
80,140,1
80,160,1
80,180,1
80,200,1
80,220,1
80,240,1
80,260,2
80,280,2
80,300,1
80,320,1
80,340,1
80,360,1
80,380,3
80,400,2
80,420,2
80,440,2
80,460,2
80,480,2
80,500,1
80,520,2
80,540,3
80,560,1
80,580,1
100,0,1
100,20,1
100,40,1
100,60,1
100,80,1
100,100,1
100,120,1
100,140,1
100,160,1
100,180,1
100,200,1
100,220,1
100,240,1
100,260,2
100,280,2
100,300,1
100,320,1
100,340,1
100,360,1
100,380,3
100,400,2
100,420,2
100,440,2
100,460,2
100,480,2
100,500,3
100,520,2
100,540,3
100,560,1
100,580,1
120,0,1
120,20,1
120,40,1
120,60,1
120,80,1
120,100,1
120,120,1
120,140,1
120,160,1
120,180,1
120,200,1
120,220,1
120,240,1
120,260,2
120,280,2
120,300,2
120,320,1
120,340,1
120,360,1
120,380,3
120,400,2
120,420,2
120,440,2
120,460,2
120,480,2
120,500,2
120,520,2
120,540,3
120,560,1
120,580,1
140,0,1
140,20,1
140,40,1
140,60,1
140,80,1
140,100,1
140,120,1
140,140,1
140,160,1
140,180,1
140,200,1
140,220,1
140,240,1
140,260,1
140,280,2
140,300,2
140,320,2
140,340,1
140,360,1
140,380,3
140,400,2
140,420,2
140,440,2
140,460,2
140,480,2
140,500,2
140,520,2
140,540,3
140,560,1
140,580,1
160,0,1
160,20,1
160,40,1
160,60,1
160,80,1
160,100,1
160,120,1
160,140,1
160,160,1
160,180,1
160,200,1
160,220,1
160,240,1
160,260,1
160,280,1
160,300,2
160,320,2
160,340,2
160,360,1
160,380,3
160,400,2
160,420,2
160,440,2
160,460,2
160,480,2
160,500,2
160,520,2
160,540,3
160,560,1
160,580,1
180,0,1
180,20,1
180,40,1
180,60,1
180,80,1
180,100,1
180,120,1
180,140,1
180,160,1
180,180,1
180,200,1
180,220,1
180,240,1
180,260,1
180,280,1
180,300,1
180,320,2
180,340,2
180,360,1
180,380,3
180,400,2
180,420,2
180,440,2
180,460,2
180,480,2
180,500,2
180,520,2
180,540,3
180,560,1
180,580,1
200,0,1
200,20,1
200,40,1
200,60,1
200,80,1
200,100,1
200,120,1
200,140,1
200,160,1
200,180,1
200,200,3
200,220,2
200,240,2
200,260,2
200,280,2
200,300,3
200,320,2
200,340,2
200,360,1
200,380,3
200,400,2
200,420,2
200,440,2
200,460,2
200,480,2
200,500,2
200,520,2
200,540,3
200,560,1
200,580,1
220,0,1
220,20,1
220,40,2
220,60,2
220,80,2
220,100,2
220,120,3
220,140,2
220,160,2
220,180,2
220,200,2
220,220,2
220,240,2
220,260,2
220,280,2
220,300,2
220,320,2
220,340,2
220,360,1
220,380,3
220,400,2
220,420,2
220,440,2
220,460,2
220,480,3
220,500,2
220,520,2
220,540,3
220,560,1
220,580,1
240,0,1
240,20,1
240,40,2
240,60,2
240,80,3
240,100,2
240,120,2
240,140,2
240,160,3
240,180,2
240,200,2
240,220,2
240,240,2
240,260,3
240,280,2
240,300,2
240,320,2
240,340,2
240,360,1
240,380,3
240,400,2
240,420,2
240,440,2
240,460,2
240,480,1
240,500,2
240,520,2
240,540,3
240,560,1
240,580,1
260,0,1
260,20,1
260,40,2
260,60,2
260,80,1
260,100,1
260,120,1
260,140,1
260,160,1
260,180,1
260,200,1
260,220,1
260,240,1
260,260,1
260,280,1
260,300,1
260,320,1
260,340,1
260,360,1
260,380,3
260,400,2
260,420,2
260,440,2
260,460,2
260,480,1
260,500,2
260,520,2
260,540,3
260,560,1
260,580,1
280,0,1
280,20,1
280,40,2
280,60,2
280,80,1
280,100,1
280,120,1
280,140,1
280,160,1
280,180,1
280,200,1
280,220,1
280,240,1
280,260,1
280,280,1
280,300,1
280,320,1
280,340,1
280,360,1
280,380,3
280,400,2
280,420,2
280,440,2
280,460,2
280,480,3
280,500,2
280,520,2
280,540,3
280,560,1
280,580,1
300,0,1
300,20,1
300,40,2
300,60,2
300,80,1
300,100,1
300,120,1
300,140,1
300,160,1
300,180,1
300,200,1
300,220,1
300,240,1
300,260,1
300,280,1
300,300,1
300,320,1
300,340,1
300,360,1
300,380,3
300,400,2
300,420,2
300,440,2
300,460,2
300,480,2
300,500,2
300,520,2
300,540,3
300,560,1
300,580,1
320,0,1
320,20,1
320,40,2
320,60,2
320,80,1
320,100,1
320,120,1
320,140,1
320,160,1
320,180,1
320,200,1
320,220,1
320,240,1
320,260,1
320,280,1
320,300,1
320,320,1
320,340,1
320,360,1
320,380,3
320,400,2
320,420,2
320,440,2
320,460,2
320,480,2
320,500,2
320,520,2
320,540,3
320,560,1
320,580,1
340,0,1
340,20,1
340,40,2
340,60,2
340,80,1
340,100,1
340,120,1
340,140,1
340,160,1
340,180,1
340,200,1
340,220,1
340,240,1
340,260,1
340,280,1
340,300,1
340,320,1
340,340,1
340,360,1
340,380,3
340,400,2
340,420,2
340,440,2
340,460,2
340,480,2
340,500,2
340,520,2
340,540,3
340,560,1
340,580,1
360,0,1
360,20,1
360,40,2
360,60,4
360,80,1
360,100,1
360,120,1
360,140,1
360,160,1
360,180,1
360,200,1
360,220,1
360,240,1
360,260,1
360,280,1
360,300,1
360,320,1
360,340,1
360,360,1
360,380,3
360,400,2
360,420,2
360,440,2
360,460,2
360,480,2
360,500,2
360,520,2
360,540,3
360,560,1
360,580,1
380,0,1
380,20,1
380,40,2
380,60,2
380,80,1
380,100,1
380,120,1
380,140,1
380,160,1
380,180,1
380,200,1
380,220,1
380,240,1
380,260,1
380,280,1
380,300,1
380,320,1
380,340,1
380,360,1
380,380,3
380,400,2
380,420,2
380,440,2
380,460,3
380,480,3
380,500,2
380,520,2
380,540,3
380,560,1
380,580,1
400,0,1
400,20,1
400,40,1
400,60,1
400,80,1
400,100,1
400,120,1
400,140,1
400,160,1
400,180,1
400,200,1
400,220,1
400,240,1
400,260,1
400,280,1
400,300,1
400,320,1
400,340,1
400,360,1
400,380,3
400,400,2
400,420,2
400,440,2
400,460,1
400,480,1
400,500,2
400,520,2
400,540,3
400,560,1
400,580,1
420,0,1
420,20,1
420,40,2
420,60,2
420,80,1
420,100,1
420,120,1
420,140,1
420,160,1
420,180,1
420,200,1
420,220,1
420,240,1
420,260,1
420,280,1
420,300,1
420,320,1
420,340,1
420,360,1
420,380,3
420,400,2
420,420,2
420,440,2
420,460,1
420,480,1
420,500,2
420,520,2
420,540,3
420,560,1
420,580,1
440,0,1
440,20,1
440,40,2
440,60,2
440,80,1
440,100,1
440,120,1
440,140,1
440,160,1
440,180,1
440,200,1
440,220,1
440,240,1
440,260,1
440,280,1
440,300,1
440,320,1
440,340,1
440,360,1
440,380,3
440,400,2
440,420,2
440,440,2
440,460,3
440,480,3
440,500,2
440,520,2
440,540,3
440,560,1
440,580,1
460,0,1
460,20,1
460,40,2
460,60,2
460,80,1
460,100,1
460,120,1
460,140,1
460,160,1
460,180,1
460,200,1
460,220,1
460,240,1
460,260,1
460,280,1
460,300,1
460,320,1
460,340,1
460,360,1
460,380,3
460,400,2
460,420,2
460,440,2
460,460,2
460,480,2
460,500,2
460,520,2
460,540,3
460,560,1
460,580,1
480,0,1
480,20,1
480,40,2
480,60,2
480,80,1
480,100,1
480,120,1
480,140,1
480,160,1
480,180,1
480,200,1
480,220,1
480,240,1
480,260,1
480,280,1
480,300,1
480,320,1
480,340,1
480,360,1
480,380,3
480,400,2
480,420,2
480,440,2
480,460,2
480,480,2
480,500,2
480,520,2
480,540,3
480,560,1
480,580,1
500,0,1
500,20,1
500,40,2
500,60,2
500,80,1
500,100,1
500,120,1
500,140,1
500,160,1
500,180,1
500,200,1
500,220,1
500,240,1
500,260,1
500,280,1
500,300,1
500,320,1
500,340,1
500,360,1
500,380,3
500,400,2
500,420,2
500,440,2
500,460,2
500,480,2
500,500,2
500,520,2
500,540,3
500,560,1
500,580,1
520,0,1
520,20,1
520,40,2
520,60,2
520,80,1
520,100,1
520,120,1
520,140,1
520,160,1
520,180,1
520,200,1
520,220,1
520,240,1
520,260,1
520,280,1
520,300,1
520,320,1
520,340,1
520,360,1
520,380,3
520,400,2
520,420,2
520,440,2
520,460,2
520,480,2
520,500,2
520,520,2
520,540,3
520,560,1
520,580,1
540,0,1
540,20,1
540,40,2
540,60,2
540,80,3
540,100,2
540,120,2
540,140,2
540,160,2
540,180,2
540,200,3
540,220,2
540,240,2
540,260,2
540,280,2
540,300,2
540,320,2
540,340,2
540,360,1
540,380,3
540,400,2
540,420,2
540,440,2
540,460,3
540,480,3
540,500,2
540,520,2
540,540,3
540,560,1
540,580,1
560,0,1
560,20,1
560,40,2
560,60,2
560,80,2
560,100,2
560,120,2
560,140,2
560,160,2
560,180,2
560,200,2
560,220,2
560,240,2
560,260,2
560,280,2
560,300,2
560,320,2
560,340,2
560,360,1
560,380,3
560,400,2
560,420,2
560,440,2
560,460,1
560,480,1
560,500,2
560,520,2
560,540,3
560,560,1
560,580,1
580,0,1
580,20,1
580,40,2
580,60,2
580,80,2
580,100,2
580,120,2
580,140,3
580,160,2
580,180,2
580,200,2
580,220,2
580,240,2
580,260,3
580,280,2
580,300,2
580,320,2
580,340,2
580,360,1
580,380,3
580,400,2
580,420,2
580,440,2
580,460,1
580,480,1
580,500,2
580,520,2
580,540,3
580,560,1
580,580,1
600,0,1
600,20,1
600,40,1
600,60,1
600,80,1
600,100,1
600,120,1
600,140,1
600,160,1
600,180,1
600,200,1
600,220,1
600,240,1
600,260,1
600,280,1
600,300,1
600,320,2
600,340,2
600,360,1
600,380,3
600,400,2
600,420,2
600,440,2
600,460,3
600,480,3
600,500,2
600,520,2
600,540,3
600,560,1
600,580,1
620,0,1
620,20,1
620,40,1
620,60,1
620,80,1
620,100,1
620,120,1
620,140,1
620,160,1
620,180,1
620,200,1
620,220,1
620,240,1
620,260,1
620,280,1
620,300,2
620,320,2
620,340,2
620,360,1
620,380,3
620,400,2
620,420,2
620,440,2
620,460,2
620,480,2
620,500,2
620,520,2
620,540,3
620,560,1
620,580,1
640,0,1
640,20,1
640,40,1
640,60,1
640,80,1
640,100,1
640,120,1
640,140,1
640,160,1
640,180,1
640,200,1
640,220,1
640,240,1
640,260,1
640,280,2
640,300,2
640,320,2
640,340,1
640,360,1
640,380,3
640,400,2
640,420,2
640,440,2
640,460,2
640,480,2
640,500,2
640,520,2
640,540,3
640,560,1
640,580,1
660,0,1
660,20,1
660,40,1
660,60,1
660,80,1
660,100,1
660,120,1
660,140,1
660,160,1
660,180,1
660,200,1
660,220,1
660,240,1
660,260,2
660,280,2
660,300,2
660,320,1
660,340,1
660,360,1
660,380,3
660,400,2
660,420,2
660,440,2
660,460,2
660,480,2
660,500,2
660,520,2
660,540,3
660,560,1
660,580,1
680,0,1
680,20,1
680,40,1
680,60,1
680,80,1
680,100,1
680,120,1
680,140,1
680,160,1
680,180,1
680,200,1
680,220,1
680,240,1
680,260,2
680,280,2
680,300,1
680,320,1
680,340,1
680,360,1
680,380,3
680,400,2
680,420,2
680,440,2
680,460,2
680,480,2
680,500,3
680,520,2
680,540,3
680,560,1
680,580,1
700,0,1
700,20,1
700,40,1
700,60,1
700,80,1
700,100,1
700,120,1
700,140,1
700,160,1
700,180,1
700,200,1
700,220,1
700,240,1
700,260,2
700,280,2
700,300,2
700,320,2
700,340,2
700,360,2
700,380,2
700,400,2
700,420,2
700,440,2
700,460,2
700,480,2
700,500,1
700,520,2
700,540,3
700,560,1
700,580,1
720,0,1
720,20,1
720,40,1
720,60,1
720,80,1
720,100,1
720,120,1
720,140,1
720,160,1
720,180,1
720,200,1
720,220,1
720,240,1
720,260,2
720,280,2
720,300,2
720,320,2
720,340,2
720,360,2
720,380,2
720,400,2
720,420,2
720,440,2
720,460,2
720,480,2
720,500,1
720,520,2
720,540,3
720,560,1
720,580,1
740,0,1
740,20,1
740,40,1
740,60,1
740,80,1
740,100,1
740,120,1
740,140,1
740,160,1
740,180,1
740,200,1
740,220,1
740,240,1
740,260,1
740,280,1
740,300,1
740,320,1
740,340,1
740,360,1
740,380,3
740,400,2
740,420,2
740,440,2
740,460,2
740,480,2
740,500,3
740,520,2
740,540,3
740,560,1
740,580,1
760,0,1
760,20,1
760,40,1
760,60,1
760,80,1
760,100,1
760,120,1
760,140,1
760,160,1
760,180,1
760,200,1
760,220,1
760,240,1
760,260,1
760,280,1
760,300,1
760,320,1
760,340,1
760,360,1
760,380,3
760,400,2
760,420,2
760,440,2
760,460,2
760,480,2
760,500,2
760,520,2
760,540,3
760,560,1
760,580,1
780,0,1
780,20,1
780,40,1
780,60,1
780,80,1
780,100,1
780,120,1
780,140,1
780,160,1
780,180,1
780,200,1
780,220,1
780,240,1
780,260,1
780,280,1
780,300,1
780,320,1
780,340,1
780,360,1
780,380,1
780,400,1
780,420,1
780,440,1
780,460,1
780,480,1
780,500,1
780,520,1
780,540,1
780,560,1
780,580,1
438,56,0