800,600
0,0,1
0,20,1
0,40,1
0,60,1
0,80,1
0,100,1
0,120,1
0,140,1
0,160,1
0,180,1
0,200,1
0,220,1
0,240,1
0,260,1
0,280,1
0,300,1
0,320,1
0,340,1
0,360,1
0,380,1
0,400,1
0,420,1
0,440,1
0,460,1
0,480,1
0,500,1
0,520,1
0,540,1
0,560,1
0,580,1
20,0,1
20,20,1
20,40,1
20,60,1
20,80,1
20,100,1
20,120,1
20,140,1
20,160,1
20,180,1
20,200,1
20,220,1
20,240,1
20,260,1
20,280,1
20,300,1
20,320,1
20,340,1
20,360,1
20,380,1
20,400,1
20,420,1
20,440,1
20,460,1
20,480,1
20,500,1
20,520,1
20,540,1
20,560,1
20,580,1
40,0,1
40,20,1
40,40,1
40,60,1
40,80,1
40,100,1
40,120,1
40,140,1
40,160,1
40,180,1
40,200,1
40,220,1
40,240,1
40,260,1
40,280,1
40,300,1
40,320,1
40,340,1
40,360,1
40,380,1
40,400,1
40,420,1
40,440,1
40,460,1
40,480,1
40,500,1
40,520,1
40,540,1
40,560,1
40,580,1
60,0,1
60,20,1
60,40,1
60,60,1
60,80,1
60,100,1
60,120,1
60,140,1
60,160,1
60,180,1
60,200,1
60,220,1
60,240,1
60,260,1
60,280,1
60,300,1
60,320,1
60,340,1
60,360,1
60,380,1
60,400,1
60,420,1
60,440,1
60,460,1
60,480,1
60,500,1
60,520,1
60,540,1
60,560,1
60,580,1
80,0,1
80,20,1
80,40,1
80,60,1
80,80,1
80,100,1
80,120,1
80,140,1
80,160,1
80,180,1
80,200,1
80,220,1
80,240,1
80,260,3
80,280,3
80,300,3
80,320,3
80,340,3
80,360,3
80,380,1
80,400,1
80,420,1
80,440,1
80,460,1
80,480,1
80,500,1
80,520,1
80,540,1
80,560,1
80,580,1
100,0,1
100,20,1
100,40,1
100,60,1
100,80,1
100,100,1
100,120,1
100,140,1
100,160,1
100,180,1
100,200,1
100,220,2
100,240,2
100,260,2
100,280,2
100,300,2
100,320,2
100,340,2
100,360,2
100,380,2
100,400,1
100,420,1
100,440,1
100,460,1
100,480,1
100,500,1
100,520,1
100,540,1
100,560,1
100,580,1
120,0,1
120,20,1
120,40,1
120,60,1
120,80,1
120,100,1
120,120,1
120,140,1
120,160,1
120,180,3
120,200,3
120,220,2
120,240,2
120,260,2
120,280,2
120,300,2
120,320,2
120,340,2
120,360,2
120,380,2
120,400,3
120,420,3
120,440,1
120,460,1
120,480,1
120,500,1
120,520,1
120,540,1
120,560,1
120,580,1
140,0,1
140,20,1
140,40,1
140,60,1
140,80,1
140,100,1
140,120,1
140,140,3
140,160,2
140,180,2
140,200,2
140,220,2
140,240,2
140,260,2
140,280,2
140,300,2
140,320,1
140,340,2
140,360,2
140,380,2
140,400,2
140,420,3
140,440,1
140,460,1
140,480,1
140,500,1
140,520,1
140,540,1
140,560,1
140,580,1
160,0,1
160,20,1
160,40,1
160,60,1
160,80,1
160,100,1
160,120,3
160,140,3
160,160,2
160,180,2
160,200,2
160,220,2
160,240,2
160,260,2
160,280,2
160,300,2
160,320,2
160,340,2
160,360,2
160,380,2
160,400,2
160,420,2
160,440,2
160,460,3
160,480,1
160,500,1
160,520,1
160,540,1
160,560,1
160,580,1
180,0,1
180,20,1
180,40,1
180,60,1
180,80,1
180,100,1
180,120,2
180,140,2
180,160,2
180,180,2
180,200,2
180,220,2
180,240,2
180,260,2
180,280,2
180,300,2
180,320,2
180,340,2
180,360,2
180,380,2
180,400,2
180,420,1
180,440,2
180,460,2
180,480,3
180,500,1
180,520,1
180,540,1
180,560,1
180,580,1
200,0,1
200,20,1
200,40,1
200,60,1
200,80,3
200,100,2
200,120,2
200,140,2
200,160,2
200,180,2
200,200,2
200,220,2
200,240,2
200,260,3
200,280,2
200,300,2
200,320,2
200,340,2
200,360,2
200,380,2
200,400,2
200,420,2
200,440,2
200,460,2
200,480,3
200,500,1
200,520,1
200,540,1
200,560,1
200,580,1
220,0,1
220,20,1
220,40,1
220,60,1
220,80,3
220,100,2
220,120,2
220,140,2
220,160,2
220,180,2
220,200,2
220,220,2
220,240,2
220,260,2
220,280,2
220,300,1
220,320,2
220,340,2
220,360,2
220,380,2
220,400,2
220,420,3
220,440,2
220,460,2
220,480,2
220,500,2
220,520,3
220,540,1
220,560,1
220,580,1
240,0,1
240,20,1
240,40,1
240,60,1
240,80,2
240,100,2
240,120,2
240,140,2
240,160,2
240,180,2
240,200,2
240,220,2
240,240,2
240,260,3
240,280,2
240,300,2
240,320,2
240,340,2
240,360,1
240,380,2
240,400,2
240,420,2
240,440,2
240,460,2
240,480,2
240,500,2
240,520,2
240,540,3
240,560,1
240,580,1
260,0,1
260,20,1
260,40,1
260,60,2
260,80,2
260,100,2
260,120,2
260,140,2
260,160,2
260,180,2
260,200,2
260,220,2
260,240,2
260,260,2
260,280,2
260,300,2
260,320,2
260,340,2
260,360,2
260,380,2
260,400,2
260,420,2
260,440,2
260,460,2
260,480,2
260,500,2
260,520,2
260,540,3
260,560,1
260,580,1
280,0,1
280,20,1
280,40,2
280,60,2
280,80,2
280,100,3
280,120,2
280,140,2
280,160,2
280,180,1
280,200,2
280,220,2
280,240,2
280,260,2
280,280,2
280,300,2
280,320,2
280,340,2
280,360,2
280,380,2
280,400,2
280,420,1
280,440,2
280,460,2
280,480,2
280,500,1
280,520,2
280,540,2
280,560,1
280,580,1
300,0,1
300,20,1
300,40,2
300,60,2
300,80,2
300,100,2
300,120,2
300,140,2
300,160,2
300,180,2
300,200,2
300,220,2
300,240,2
300,260,3
300,280,3
300,300,3
300,320,2
300,340,2
300,360,2
300,380,2
300,400,2
300,420,2
300,440,3
300,460,2
300,480,2
300,500,2
300,520,2
300,540,2
300,560,2
300,580,1
320,0,1
320,20,3
320,40,2
320,60,2
320,80,2
320,100,2
320,120,2
320,140,2
320,160,2
320,180,2
320,200,2
320,220,2
320,240,3
320,260,1
320,280,1
320,300,1
320,320,3
320,340,2
320,360,2
320,380,2
320,400,3
320,420,2
320,440,2
320,460,2
320,480,2
320,500,2
320,520,2
320,540,2
320,560,2
320,580,1
340,0,1
340,20,3
340,40,2
340,60,2
340,80,2
340,100,2
340,120,2
340,140,2
340,160,2
340,180,2
340,200,2
340,220,3
340,240,1
340,260,1
340,280,1
340,300,1
340,320,1
340,340,3
340,360,2
340,380,2
340,400,2
340,420,2
340,440,2
340,460,2
340,480,2
340,500,2
340,520,2
340,540,2
340,560,4
340,580,1
360,0,1
360,20,3
360,40,2
360,60,2
360,80,2
360,100,2
360,120,2
360,140,2
360,160,2
360,180,2
360,200,2
360,220,3
360,240,1
360,260,1
360,280,1
360,300,1
360,320,1
360,340,3
360,360,3
360,380,3
360,400,3
360,420,3
360,440,3
360,460,3
360,480,3
360,500,3
360,520,3
360,540,3
360,560,3
360,580,1
380,0,1
380,20,3
380,40,2
380,60,2
380,80,2
380,100,2
380,120,2
380,140,2
380,160,1
380,180,2
380,200,2
380,220,3
380,240,1
380,260,1
380,280,1
380,300,1
380,320,1
380,340,3
380,360,2
380,380,2
380,400,2
380,420,2
380,440,2
380,460,2
380,480,2
380,500,2
380,520,2
380,540,2
380,560,2
380,580,1
400,0,1
400,20,3
400,40,2
400,60,2
400,80,2
400,100,1
400,120,2
400,140,2
400,160,2
400,180,2
400,200,2
400,220,2
400,240,3
400,260,1
400,280,1
400,300,1
400,320,3
400,340,2
400,360,2
400,380,2
400,400,2
400,420,3
400,440,2
400,460,2
400,480,2
400,500,2
400,520,2
400,540,2
400,560,2
400,580,1
420,0,1
420,20,3
420,40,2
420,60,2
420,80,2
420,100,2
420,120,2
420,140,3
420,160,2
420,180,2
420,200,2
420,220,2
420,240,2
420,260,3
420,280,3
420,300,3
420,320,2
420,340,2
420,360,2
420,380,2
420,400,2
420,420,2
420,440,2
420,460,2
420,480,1
420,500,2
420,520,2
420,540,2
420,560,2
420,580,1
440,0,1
440,20,3
440,40,2
440,60,2
440,80,2
440,100,2
440,120,2
440,140,2
440,160,2
440,180,2
440,200,2
440,220,2
440,240,2
440,260,2
440,280,2
440,300,2
440,320,2
440,340,2
440,360,2
440,380,1
440,400,2
440,420,2
440,440,2
440,460,2
440,480,2
440,500,2
440,520,2
440,540,2
440,560,2
440,580,1
460,0,1
460,20,1
460,40,3
460,60,2
460,80,2
460,100,2
460,120,2
460,140,2
460,160,2
460,180,2
460,200,2
460,220,3
460,240,2
460,260,2
460,280,2
460,300,2
460,320,2
460,340,2
460,360,2
460,380,2
460,400,2
460,420,2
460,440,2
460,460,2
460,480,2
460,500,2
460,520,2
460,540,2
460,560,1
460,580,1
480,0,1
480,20,1
480,40,1
480,60,2
480,80,2
480,100,2
480,120,2
480,140,2
480,160,1
480,180,2
480,200,2
480,220,2
480,240,2
480,260,2
480,280,1
480,300,2
480,320,2
480,340,2
480,360,2
480,380,2
480,400,2
480,420,2
480,440,2
480,460,2
480,480,2
480,500,2
480,520,2
480,540,2
480,560,1
480,580,1
500,0,1
500,20,1
500,40,1
500,60,1
500,80,3
500,100,2
500,120,2
500,140,2
500,160,2
500,180,2
500,200,2
500,220,2
500,240,2
500,260,2
500,280,2
500,300,2
500,320,2
500,340,2
500,360,2
500,380,2
500,400,2
500,420,2
500,440,1
500,460,2
500,480,2
500,500,2
500,520,2
500,540,1
500,560,1
500,580,1
520,0,1
520,20,1
520,40,1
520,60,1
520,80,3
520,100,2
520,120,2
520,140,2
520,160,2
520,180,2
520,200,2
520,220,2
520,240,2
520,260,2
520,280,2
520,300,2
520,320,2
520,340,2
520,360,2
520,380,2
520,400,2
520,420,2
520,440,2
520,460,2
520,480,2
520,500,2
520,520,2
520,540,1
520,560,1
520,580,1
540,0,1
540,20,1
540,40,1
540,60,1
540,80,1
540,100,2
540,120,2
540,140,2
540,160,2
540,180,2
540,200,2
540,220,2
540,240,2
540,260,2
540,280,2
540,300,2
540,320,2
540,340,2
540,360,2
540,380,2
540,400,3
540,420,2
540,440,2
540,460,2
540,480,3
540,500,1
540,520,1
540,540,1
540,560,1
540,580,1
560,0,1
560,20,1
560,40,1
560,60,1
560,80,1
560,100,1
560,120,3
560,140,3
560,160,2
560,180,2
560,200,2
560,220,2
560,240,1
560,260,2
560,280,2
560,300,2
560,320,2
560,340,1
560,360,2
560,380,2
560,400,2
560,420,2
560,440,2
560,460,3
560,480,1
560,500,1
560,520,1
560,540,1
560,560,1
560,580,1
580,0,1
580,20,1
580,40,1
580,60,1
580,80,1
580,100,1
580,120,1
580,140,1
580,160,3
580,180,2
580,200,2
580,220,2
580,240,2
580,260,2
580,280,2
580,300,2
580,320,2
580,340,2
580,360,2
580,380,2
580,400,2
580,420,3
580,440,3
580,460,1
580,480,1
580,500,1
580,520,1
580,540,1
580,560,1
580,580,1
600,0,1
600,20,1
600,40,1
600,60,1
600,80,1
600,100,1
600,120,1
600,140,1
600,160,1
600,180,3
600,200,2
600,220,2
600,240,2
600,260,2
600,280,2
600,300,2
600,320,2
600,340,2
600,360,2
600,380,2
600,400,3
600,420,1
600,440,1
600,460,1
600,480,1
600,500,1
600,520,1
600,540,1
600,560,1
600,580,1
620,0,1
620,20,1
620,40,1
620,60,1
620,80,1
620,100,1
620,120,1
620,140,1
620,160,1
620,180,1
620,200,1
620,220,2
620,240,2
620,260,2
620,280,2
620,300,2
620,320,2
620,340,3
620,360,3
620,380,3
620,400,1
620,420,1
620,440,1
620,460,1
620,480,1
620,500,1
620,520,1
620,540,1
620,560,1
620,580,1
640,0,1
640,20,1
640,40,1
640,60,1
640,80,1
640,100,1
640,120,1
640,140,1
640,160,1
640,180,1
640,200,1
640,220,1
640,240,3
640,260,3
640,280,3
640,300,3
640,320,2
640,340,3
640,360,1
640,380,1
640,400,1
640,420,1
640,440,1
640,460,1
640,480,1
640,500,1
640,520,1
640,540,1
640,560,1
640,580,1
660,0,1
660,20,1
660,40,1
660,60,1
660,80,1
660,100,1
660,120,1
660,140,1
660,160,1
660,180,1
660,200,1
660,220,1
660,240,1
660,260,1
660,280,1
660,300,1
660,320,1
660,340,1
660,360,1
660,380,1
660,400,1
660,420,1
660,440,1
660,460,1
660,480,1
660,500,1
660,520,1
660,540,1
660,560,1
660,580,1
680,0,1
680,20,1
680,40,1
680,60,1
680,80,1
680,100,1
680,120,1
680,140,1
680,160,1
680,180,1
680,200,1
680,220,1
680,240,1
680,260,1
680,280,1
680,300,1
680,320,1
680,340,1
680,360,1
680,380,1
680,400,1
680,420,1
680,440,1
680,460,1
680,480,1
680,500,1
680,520,1
680,540,1
680,560,1
680,580,1
700,0,1
700,20,1
700,40,1
700,60,1
700,80,1
700,100,1
700,120,1
700,140,1
700,160,1
700,180,1
700,200,1
700,220,1
700,240,1
700,260,1
700,280,1
700,300,1
700,320,1
700,340,1
700,360,1
700,380,1
700,400,1
700,420,1
700,440,1
700,460,1
700,480,1
700,500,1
700,520,1
700,540,1
700,560,1
700,580,1
720,0,1
720,20,1
720,40,1
720,60,1
720,80,1
720,100,1
720,120,1
720,140,1
720,160,1
720,180,1
720,200,1
720,220,1
720,240,1
720,260,1
720,280,1
720,300,1
720,320,1
720,340,1
720,360,1
720,380,1
720,400,1
720,420,1
720,440,1
720,460,1
720,480,1
720,500,1
720,520,1
720,540,1
720,560,1
720,580,1
740,0,1
740,20,1
740,40,1
740,60,1
740,80,1
740,100,1
740,120,1
740,140,1
740,160,1
740,180,1
740,200,1
740,220,1
740,240,1
740,260,1
740,280,1
740,300,1
740,320,1
740,340,1
740,360,1
740,380,1
740,400,1
740,420,1
740,440,1
740,460,1
740,480,1
740,500,1
740,520,1
740,540,1
740,560,1
740,580,1
760,0,1
760,20,1
760,40,1
760,60,1
760,80,1
760,100,1
760,120,1
760,140,1
760,160,1
760,180,1
760,200,1
760,220,1
760,240,1
760,260,1
760,280,1
760,300,1
760,320,1
760,340,1
760,360,1
760,380,1
760,400,1
760,420,1
760,440,1
760,460,1
760,480,1
760,500,1
760,520,1
760,540,1
760,560,1
760,580,1
780,0,1
780,20,1
780,40,1
780,60,1
780,80,1
780,100,1
780,120,1
780,140,1
780,160,1
780,180,1
780,200,1
780,220,1
780,240,1
780,260,1
780,280,1
780,300,1
780,320,1
780,340,1
780,360,1
780,380,1
780,400,1
780,420,1
780,440,1
780,460,1
780,480,1
780,500,1
780,520,1
780,540,1
780,560,1
780,580,1
388,553,0