800,600
0,0,2
0,20,2
0,40,2
0,60,2
0,80,2
0,100,2
0,120,2
0,140,2
0,160,2
0,180,2
0,200,2
0,220,2
0,240,2
0,260,2
0,280,2
0,300,2
0,320,2
0,340,2
0,360,2
0,380,2
0,400,2
0,420,1
0,440,1
0,460,1
0,480,1
0,500,1
0,520,1
0,540,1
0,560,1
0,580,1
20,0,2
20,20,2
20,40,2
20,60,2
20,80,2
20,100,2
20,120,2
20,140,2
20,160,2
20,180,2
20,200,2
20,220,2
20,240,2
20,260,3
20,280,2
20,300,2
20,320,2
20,340,2
20,360,2
20,380,2
20,400,2
20,420,1
20,440,1
20,460,1
20,480,1
20,500,1
20,520,1
20,540,1
20,560,1
20,580,1
40,0,2
40,20,2
40,40,2
40,60,2
40,80,2
40,100,2
40,120,2
40,140,2
40,160,2
40,180,2
40,200,2
40,220,2
40,240,2
40,260,2
40,280,2
40,300,2
40,320,2
40,340,2
40,360,2
40,380,2
40,400,2
40,420,1
40,440,1
40,460,1
40,480,1
40,500,1
40,520,1
40,540,1
40,560,1
40,580,1
60,0,2
60,20,2
60,40,2
60,60,2
60,80,2
60,100,2
60,120,2
60,140,2
60,160,2
60,180,2
60,200,2
60,220,2
60,240,2
60,260,2
60,280,2
60,300,2
60,320,2
60,340,2
60,360,2
60,380,2
60,400,1
60,420,1
60,440,1
60,460,1
60,480,1
60,500,1
60,520,1
60,540,1
60,560,1
60,580,1
80,0,2
80,20,2
80,40,2
80,60,2
80,80,2
80,100,2
80,120,2
80,140,2
80,160,2
80,180,2
80,200,2
80,220,2
80,240,2
80,260,2
80,280,2
80,300,2
80,320,2
80,340,2
80,360,1
80,380,1
80,400,1
80,420,1
80,440,1
80,460,1
80,480,1
80,500,1
80,520,1
80,540,1
80,560,1
80,580,1
100,0,2
100,20,2
100,40,2
100,60,2
100,80,2
100,100,2
100,120,2
100,140,2
100,160,2
100,180,2
100,200,2
100,220,2
100,240,2
100,260,2
100,280,2
100,300,2
100,320,2
100,340,1
100,360,1
100,380,1
100,400,1
100,420,1
100,440,1
100,460,1
100,480,1
100,500,1
100,520,1
100,540,1
100,560,1
100,580,1
120,0,2
120,20,2
120,40,2
120,60,2
120,80,2
120,100,2
120,120,2
120,140,2
120,160,2
120,180,2
120,200,2
120,220,2
120,240,2
120,260,2
120,280,2
120,300,2
120,320,1
120,340,1
120,360,1
120,380,1
120,400,1
120,420,1
120,440,1
120,460,1
120,480,1
120,500,1
120,520,1
120,540,1
120,560,1
120,580,1
140,0,2
140,20,2
140,40,2
140,60,2
140,80,2
140,100,2
140,120,2
140,140,2
140,160,2
140,180,2
140,200,2
140,220,2
140,240,2
140,260,2
140,280,2
140,300,3
140,320,1
140,340,1
140,360,1
140,380,1
140,400,1
140,420,1
140,440,1
140,460,1
140,480,1
140,500,1
140,520,1
140,540,1
140,560,1
140,580,1
160,0,2
160,20,2
160,40,2
160,60,2
160,80,2
160,100,2
160,120,2
160,140,2
160,160,2
160,180,2
160,200,2
160,220,2
160,240,2
160,260,2
160,280,2
160,300,2
160,320,2
160,340,1
160,360,1
160,380,1
160,400,1
160,420,1
160,440,1
160,460,1
160,480,1
160,500,1
160,520,1
160,540,1
160,560,1
160,580,1
180,0,2
180,20,2
180,40,2
180,60,2
180,80,2
180,100,2
180,120,2
180,140,2
180,160,2
180,180,2
180,200,3
180,220,2
180,240,2
180,260,2
180,280,2
180,300,2
180,320,2
180,340,2
180,360,1
180,380,1
180,400,1
180,420,1
180,440,1
180,460,1
180,480,1
180,500,1
180,520,1
180,540,1
180,560,1
180,580,1
200,0,2
200,20,2
200,40,2
200,60,2
200,80,2
200,100,2
200,120,2
200,140,2
200,160,2
200,180,2
200,200,2
200,220,2
200,240,2
200,260,2
200,280,2
200,300,2
200,320,2
200,340,2
200,360,2
200,380,1
200,400,1
200,420,1
200,440,1
200,460,1
200,480,1
200,500,1
200,520,1
200,540,1
200,560,1
200,580,1
220,0,2
220,20,2
220,40,2
220,60,2
220,80,2
220,100,2
220,120,2
220,140,2
220,160,2
220,180,2
220,200,2
220,220,2
220,240,2
220,260,2
220,280,2
220,300,2
220,320,2
220,340,2
220,360,2
220,380,1
220,400,1
220,420,1
220,440,1
220,460,1
220,480,1
220,500,1
220,520,1
220,540,1
220,560,1
220,580,1
240,0,2
240,20,2
240,40,2
240,60,2
240,80,2
240,100,2
240,120,2
240,140,2
240,160,2
240,180,2
240,200,2
240,220,2
240,240,2
240,260,2
240,280,2
240,300,2
240,320,2
240,340,2
240,360,2
240,380,2
240,400,1
240,420,1
240,440,1
240,460,1
240,480,1
240,500,1
240,520,1
240,540,1
240,560,1
240,580,1
260,0,2
260,20,2
260,40,2
260,60,2
260,80,2
260,100,2
260,120,2
260,140,2
260,160,2
260,180,2
260,200,2
260,220,2
260,240,2
260,260,3
260,280,2
260,300,2
260,320,2
260,340,2
260,360,2
260,380,2
260,400,1
260,420,1
260,440,1
260,460,1
260,480,1
260,500,1
260,520,1
260,540,1
260,560,1
260,580,1
280,0,2
280,20,2
280,40,2
280,60,2
280,80,2
280,100,2
280,120,2
280,140,2
280,160,2
280,180,2
280,200,2
280,220,2
280,240,2
280,260,2
280,280,2
280,300,2
280,320,2
280,340,2
280,360,2
280,380,2
280,400,1
280,420,1
280,440,1
280,460,1
280,480,1
280,500,1
280,520,1
280,540,1
280,560,1
280,580,1
300,0,2
300,20,2
300,40,2
300,60,2
300,80,2
300,100,2
300,120,2
300,140,2
300,160,2
300,180,2
300,200,2
300,220,2
300,240,2
300,260,2
300,280,2
300,300,2
300,320,2
300,340,2
300,360,2
300,380,1
300,400,1
300,420,1
300,440,1
300,460,1
300,480,1
300,500,1
300,520,1
300,540,1
300,560,1
300,580,1
320,0,2
320,20,2
320,40,2
320,60,2
320,80,2
320,100,2
320,120,2
320,140,2
320,160,2
320,180,2
320,200,2
320,220,2
320,240,2
320,260,2
320,280,2
320,300,2
320,320,2
320,340,3
320,360,1
320,380,1
320,400,1
320,420,1
320,440,1
320,460,1
320,480,1
320,500,1
320,520,1
320,540,1
320,560,1
320,580,1
340,0,2
340,20,2
340,40,2
340,60,2
340,80,2
340,100,2
340,120,2
340,140,2
340,160,2
340,180,2
340,200,2
340,220,2
340,240,2
340,260,2
340,280,2
340,300,2
340,320,2
340,340,1
340,360,1
340,380,1
340,400,1
340,420,1
340,440,1
340,460,1
340,480,1
340,500,1
340,520,1
340,540,1
340,560,1
340,580,1
360,0,2
360,20,2
360,40,2
360,60,2
360,80,2
360,100,2
360,120,2
360,140,3
360,160,2
360,180,2
360,200,2
360,220,2
360,240,2
360,260,2
360,280,2
360,300,2
360,320,1
360,340,1
360,360,1
360,380,1
360,400,1
360,420,1
360,440,1
360,460,1
360,480,1
360,500,1
360,520,1
360,540,1
360,560,1
360,580,1
380,0,2
380,20,2
380,40,2
380,60,2
380,80,2
380,100,2
380,120,2
380,140,2
380,160,2
380,180,2
380,200,2
380,220,2
380,240,2
380,260,1
380,280,1
380,300,1
380,320,1
380,340,1
380,360,1
380,380,1
380,400,1
380,420,1
380,440,1
380,460,1
380,480,1
380,500,1
380,520,1
380,540,1
380,560,1
380,580,1
400,0,2
400,20,2
400,40,2
400,60,2
400,80,2
400,100,2
400,120,2
400,140,2
400,160,2
400,180,2
400,200,2
400,220,2
400,240,1
400,260,1
400,280,1
400,300,1
400,320,1
400,340,1
400,360,1
400,380,1
400,400,1
400,420,1
400,440,1
400,460,1
400,480,1
400,500,1
400,520,1
400,540,1
400,560,1
400,580,1
420,0,2
420,20,2
420,40,2
420,60,2
420,80,2
420,100,2
420,120,2
420,140,2
420,160,2
420,180,2
420,200,2
420,220,1
420,240,1
420,260,1
420,280,1
420,300,1
420,320,1
420,340,1
420,360,1
420,380,1
420,400,1
420,420,1
420,440,1
420,460,1
420,480,1
420,500,1
420,520,1
420,540,1
420,560,1
420,580,1
440,0,2
440,20,2
440,40,2
440,60,2
440,80,2
440,100,2
440,120,2
440,140,2
440,160,2
440,180,2
440,200,2
440,220,2
440,240,2
440,260,1
440,280,1
440,300,1
440,320,1
440,340,1
440,360,1
440,380,1
440,400,1
440,420,1
440,440,1
440,460,1
440,480,1
440,500,1
440,520,1
440,540,1
440,560,1
440,580,1
460,0,2
460,20,2
460,40,2
460,60,2
460,80,2
460,100,2
460,120,2
460,140,2
460,160,2
460,180,2
460,200,2
460,220,2
460,240,2
460,260,2
460,280,1
460,300,1
460,320,1
460,340,1
460,360,1
460,380,1
460,400,1
460,420,1
460,440,1
460,460,1
460,480,1
460,500,1
460,520,1
460,540,1
460,560,1
460,580,1
480,0,2
480,20,2
480,40,2
480,60,2
480,80,2
480,100,2
480,120,2
480,140,2
480,160,2
480,180,2
480,200,2
480,220,2
480,240,2
480,260,2
480,280,2
480,300,1
480,320,1
480,340,1
480,360,1
480,380,1
480,400,1
480,420,1
480,440,1
480,460,1
480,480,1
480,500,1
480,520,1
480,540,1
480,560,1
480,580,1
500,0,2
500,20,2
500,40,2
500,60,2
500,80,2
500,100,2
500,120,2
500,140,2
500,160,2
500,180,2
500,200,2
500,220,2
500,240,2
500,260,2
500,280,2
500,300,2
500,320,1
500,340,1
500,360,1
500,380,1
500,400,1
500,420,1
500,440,1
500,460,1
500,480,1
500,500,1
500,520,1
500,540,1
500,560,1
500,580,1
520,0,2
520,20,2
520,40,2
520,60,2
520,80,2
520,100,2
520,120,2
520,140,2
520,160,2
520,180,2
520,200,2
520,220,2
520,240,2
520,260,2
520,280,2
520,300,2
520,320,1
520,340,1
520,360,1
520,380,1
520,400,1
520,420,1
520,440,1
520,460,1
520,480,1
520,500,1
520,520,1
520,540,1
520,560,1
520,580,1
540,0,2
540,20,2
540,40,2
540,60,2
540,80,2
540,100,2
540,120,2
540,140,2
540,160,3
540,180,2
540,200,2
540,220,2
540,240,2
540,260,2
540,280,2
540,300,2
540,320,2
540,340,3
540,360,1
540,380,1
540,400,1
540,420,1
540,440,1
540,460,1
540,480,1
540,500,1
540,520,1
540,540,1
540,560,1
540,580,1
560,0,2
560,20,2
560,40,2
560,60,2
560,80,2
560,100,2
560,120,2
560,140,2
560,160,2
560,180,2
560,200,2
560,220,3
560,240,2
560,260,2
560,280,2
560,300,2
560,320,2
560,340,3
560,360,1
560,380,1
560,400,1
560,420,1
560,440,1
560,460,1
560,480,1
560,500,1
560,520,1
560,540,1
560,560,1
560,580,1
580,0,2
580,20,2
580,40,2
580,60,2
580,80,2
580,100,2
580,120,2
580,140,2
580,160,2
580,180,2
580,200,2
580,220,2
580,240,2
580,260,2
580,280,2
580,300,2
580,320,2
580,340,3
580,360,1
580,380,1
580,400,1
580,420,1
580,440,1
580,460,1
580,480,1
580,500,1
580,520,1
580,540,1
580,560,1
580,580,1
600,0,2
600,20,2
600,40,2
600,60,2
600,80,2
600,100,2
600,120,2
600,140,2
600,160,2
600,180,2
600,200,2
600,220,2
600,240,2
600,260,2
600,280,2
600,300,2
600,320,1
600,340,1
600,360,1
600,380,1
600,400,1
600,420,1
600,440,1
600,460,1
600,480,1
600,500,1
600,520,1
600,540,1
600,560,1
600,580,1
620,0,2
620,20,2
620,40,2
620,60,2
620,80,2
620,100,2
620,120,2
620,140,2
620,160,2
620,180,2
620,200,2
620,220,2
620,240,2
620,260,2
620,280,2
620,300,1
620,320,1
620,340,1
620,360,1
620,380,1
620,400,1
620,420,1
620,440,1
620,460,1
620,480,1
620,500,1
620,520,1
620,540,1
620,560,1
620,580,1
640,0,2
640,20,2
640,40,2
640,60,2
640,80,2
640,100,2
640,120,2
640,140,2
640,160,2
640,180,2
640,200,2
640,220,2
640,240,2
640,260,2
640,280,1
640,300,1
640,320,1
640,340,1
640,360,1
640,380,1
640,400,1
640,420,1
640,440,1
640,460,1
640,480,1
640,500,1
640,520,1
640,540,1
640,560,1
640,580,1
660,0,2
660,20,2
660,40,2
660,60,2
660,80,2
660,100,2
660,120,2
660,140,2
660,160,2
660,180,2
660,200,2
660,220,2
660,240,2
660,260,1
660,280,1
660,300,1
660,320,1
660,340,1
660,360,1
660,380,1
660,400,1
660,420,1
660,440,1
660,460,1
660,480,1
660,500,1
660,520,1
660,540,1
660,560,1
660,580,1
680,0,2
680,20,2
680,40,2
680,60,2
680,80,2
680,100,2
680,120,2
680,140,2
680,160,2
680,180,2
680,200,2
680,220,1
680,240,1
680,260,1
680,280,1
680,300,1
680,320,1
680,340,1
680,360,1
680,380,1
680,400,1
680,420,1
680,440,1
680,460,1
680,480,1
680,500,1
680,520,1
680,540,1
680,560,1
680,580,1
700,0,2
700,20,2
700,40,2
700,60,2
700,80,2
700,100,3
700,120,1
700,140,1
700,160,1
700,180,1
700,200,1
700,220,1
700,240,1
700,260,1
700,280,1
700,300,1
700,320,1
700,340,1
700,360,1
700,380,1
700,400,1
700,420,1
700,440,1
700,460,1
700,480,1
700,500,1
700,520,1
700,540,1
700,560,1
700,580,1
720,0,2
720,20,2
720,40,2
720,60,2
720,80,2
720,100,1
720,120,1
720,140,1
720,160,1
720,180,1
720,200,1
720,220,1
720,240,1
720,260,1
720,280,1
720,300,1
720,320,1
720,340,1
720,360,1
720,380,1
720,400,1
720,420,1
720,440,1
720,460,1
720,480,1
720,500,1
720,520,1
720,540,1
720,560,1
720,580,1
740,0,2
740,20,2
740,40,2
740,60,2
740,80,1
740,100,1
740,120,1
740,140,1
740,160,1
740,180,1
740,200,1
740,220,1
740,240,1
740,260,1
740,280,1
740,300,1
740,320,1
740,340,1
740,360,1
740,380,1
740,400,1
740,420,1
740,440,1
740,460,1
740,480,1
740,500,1
740,520,1
740,540,1
740,560,1
740,580,1
760,0,2
760,20,2
760,40,2
760,60,2
760,80,1
760,100,1
760,120,1
760,140,1
760,160,1
760,180,1
760,200,1
760,220,1
760,240,1
760,260,1
760,280,1
760,300,1
760,320,1
760,340,1
760,360,1
760,380,1
760,400,1
760,420,1
760,440,1
760,460,1
760,480,1
760,500,1
760,520,1
760,540,1
760,560,1
760,580,1
780,0,2
780,20,2
780,40,2
780,60,4
780,80,1
780,100,1
780,120,1
780,140,1
780,160,1
780,180,1
780,200,1
780,220,1
780,240,1
780,260,1
780,280,1
780,300,1
780,320,1
780,340,1
780,360,1
780,380,1
780,400,1
780,420,1
780,440,1
780,460,1
780,480,1
780,500,1
780,520,1
780,540,1
780,560,1
780,580,1
11,313,0