800,600
0,0,1
0,20,1
0,40,1
0,60,1
0,80,1
0,100,1
0,120,1
0,140,1
0,160,1
0,180,1
0,200,1
0,220,1
0,240,1
0,260,1
0,280,1
0,300,1
0,320,1
0,340,1
0,360,1
0,380,1
0,400,1
0,420,1
0,440,1
0,460,1
0,480,1
0,500,1
0,520,1
0,540,1
0,560,1
0,580,1
20,0,1
20,20,1
20,40,1
20,60,2
20,80,2
20,100,1
20,120,2
20,140,2
20,160,1
20,180,1
20,200,1
20,220,1
20,240,1
20,260,2
20,280,2
20,300,2
20,320,2
20,340,2
20,360,2
20,380,2
20,400,2
20,420,2
20,440,2
20,460,2
20,480,2
20,500,2
20,520,2
20,540,1
20,560,1
20,580,1
40,0,1
40,20,1
40,40,1
40,60,2
40,80,2
40,100,1
40,120,1
40,140,2
40,160,1
40,180,1
40,200,1
40,220,1
40,240,1
40,260,2
40,280,2
40,300,2
40,320,2
40,340,2
40,360,2
40,380,2
40,400,2
40,420,2
40,440,2
40,460,2
40,480,2
40,500,2
40,520,2
40,540,1
40,560,1
40,580,1
60,0,1
60,20,3
60,40,1
60,60,2
60,80,2
60,100,2
60,120,2
60,140,2
60,160,1
60,180,1
60,200,1
60,220,1
60,240,1
60,260,2
60,280,2
60,300,2
60,320,2
60,340,2
60,360,2
60,380,2
60,400,2
60,420,2
60,440,2
60,460,2
60,480,2
60,500,2
60,520,2
60,540,1
60,560,1
60,580,1
80,0,1
80,20,2
80,40,1
80,60,2
80,80,2
80,100,4
80,120,2
80,140,2
80,160,1
80,180,1
80,200,1
80,220,1
80,240,1
80,260,2
80,280,2
80,300,2
80,320,2
80,340,2
80,360,1
80,380,1
80,400,1
80,420,1
80,440,1
80,460,2
80,480,2
80,500,2
80,520,2
80,540,1
80,560,1
80,580,1
100,0,1
100,20,1
100,40,1
100,60,2
100,80,2
100,100,2
100,120,2
100,140,2
100,160,1
100,180,1
100,200,1
100,220,1
100,240,1
100,260,2
100,280,2
100,300,2
100,320,2
100,340,2
100,360,1
100,380,1
100,400,1
100,420,1
100,440,1
100,460,2
100,480,2
100,500,2
100,520,3
100,540,1
100,560,1
100,580,1
120,0,1
120,20,1
120,40,1
120,60,2
120,80,2
120,100,2
120,120,2
120,140,2
120,160,1
120,180,1
120,200,1
120,220,1
120,240,1
120,260,2
120,280,2
120,300,2
120,320,2
120,340,2
120,360,1
120,380,1
120,400,1
120,420,1
120,440,1
120,460,2
120,480,2
120,500,3
120,520,3
120,540,1
120,560,1
120,580,1
140,0,1
140,20,1
140,40,1
140,60,2
140,80,2
140,100,2
140,120,2
140,140,3
140,160,1
140,180,1
140,200,1
140,220,1
140,240,1
140,260,2
140,280,2
140,300,2
140,320,2
140,340,2
140,360,1
140,380,1
140,400,1
140,420,1
140,440,1
140,460,2
140,480,2
140,500,3
140,520,3
140,540,1
140,560,1
140,580,1
160,0,1
160,20,1
160,40,1
160,60,2
160,80,2
160,100,2
160,120,3
160,140,3
160,160,1
160,180,1
160,200,1
160,220,1
160,240,1
160,260,2
160,280,2
160,300,2
160,320,2
160,340,2
160,360,1
160,380,1
160,400,1
160,420,1
160,440,1
160,460,2
160,480,2
160,500,2
160,520,3
160,540,1
160,560,1
160,580,1
180,0,1
180,20,1
180,40,1
180,60,2
180,80,2
180,100,2
180,120,3
180,140,3
180,160,1
180,180,1
180,200,1
180,220,1
180,240,1
180,260,2
180,280,2
180,300,2
180,320,2
180,340,3
180,360,1
180,380,1
180,400,1
180,420,1
180,440,1
180,460,3
180,480,2
180,500,2
180,520,2
180,540,1
180,560,1
180,580,1
200,0,1
200,20,1
200,40,1
200,60,3
200,80,2
200,100,2
200,120,2
200,140,3
200,160,1
200,180,1
200,200,1
200,220,1
200,240,1
200,260,2
200,280,2
200,300,2
200,320,3
200,340,3
200,360,1
200,380,1
200,400,1
200,420,1
200,440,1
200,460,3
200,480,3
200,500,2
200,520,2
200,540,1
200,560,1
200,580,1
220,0,1
220,20,1
220,40,1
220,60,3
220,80,3
220,100,2
220,120,2
220,140,2
220,160,1
220,180,1
220,200,1
220,220,1
220,240,1
220,260,3
220,280,2
220,300,2
220,320,2
220,340,3
220,360,1
220,380,1
220,400,1
220,420,1
220,440,1
220,460,3
220,480,2
220,500,2
220,520,2
220,540,1
220,560,1
220,580,1
240,0,1
240,20,1
240,40,1
240,60,3
240,80,3
240,100,2
240,120,2
240,140,2
240,160,1
240,180,1
240,200,1
240,220,1
240,240,1
240,260,3
240,280,3
240,300,2
240,320,2
240,340,2
240,360,1
240,380,1
240,400,1
240,420,1
240,440,1
240,460,2
240,480,2
240,500,2
240,520,3
240,540,1
240,560,1
240,580,1
260,0,1
260,20,1
260,40,1
260,60,3
260,80,2
260,100,2
260,120,2
260,140,3
260,160,1
260,180,1
260,200,1
260,220,1
260,240,1
260,260,3
260,280,3
260,300,3
260,320,2
260,340,2
260,360,1
260,380,1
260,400,1
260,420,1
260,440,1
260,460,2
260,480,2
260,500,3
260,520,3
260,540,1
260,560,1
260,580,1
280,0,1
280,20,1
280,40,1
280,60,2
280,80,2
280,100,2
280,120,3
280,140,3
280,160,1
280,180,1
280,200,1
280,220,1
280,240,1
280,260,3
280,280,3
280,300,2
280,320,2
280,340,2
280,360,1
280,380,1
280,400,1
280,420,1
280,440,1
280,460,2
280,480,2
280,500,3
280,520,3
280,540,1
280,560,1
280,580,1
300,0,1
300,20,1
300,40,1
300,60,2
300,80,2
300,100,2
300,120,3
300,140,3
300,160,1
300,180,1
300,200,1
300,220,1
300,240,1
300,260,3
300,280,2
300,300,2
300,320,2
300,340,3
300,360,1
300,380,1
300,400,1
300,420,1
300,440,1
300,460,2
300,480,2
300,500,2
300,520,3
300,540,1
300,560,1
300,580,1
320,0,1
320,20,1
320,40,1
320,60,3
320,80,2
320,100,2
320,120,2
320,140,3
320,160,1
320,180,1
320,200,1
320,220,1
320,240,1
320,260,2
320,280,2
320,300,2
320,320,3
320,340,3
320,360,1
320,380,1
320,400,1
320,420,1
320,440,1
320,460,3
320,480,2
320,500,2
320,520,2
320,540,1
320,560,1
320,580,1
340,0,1
340,20,1
340,40,1
340,60,3
340,80,3
340,100,2
340,120,2
340,140,2
340,160,1
340,180,1
340,200,1
340,220,1
340,240,1
340,260,3
340,280,2
340,300,2
340,320,2
340,340,3
340,360,1
340,380,1
340,400,1
340,420,1
340,440,1
340,460,3
340,480,3
340,500,2
340,520,2
340,540,1
340,560,1
340,580,1
360,0,1
360,20,1
360,40,1
360,60,3
360,80,3
360,100,2
360,120,2
360,140,2
360,160,1
360,180,1
360,200,1
360,220,1
360,240,1
360,260,3
360,280,3
360,300,2
360,320,2
360,340,2
360,360,1
360,380,1
360,400,1
360,420,1
360,440,1
360,460,3
360,480,2
360,500,2
360,520,2
360,540,1
360,560,1
360,580,1
380,0,1
380,20,1
380,40,1
380,60,3
380,80,2
380,100,2
380,120,2
380,140,3
380,160,1
380,180,1
380,200,1
380,220,1
380,240,1
380,260,3
380,280,3
380,300,3
380,320,2
380,340,2
380,360,1
380,380,1
380,400,1
380,420,1
380,440,1
380,460,2
380,480,2
380,500,2
380,520,3
380,540,1
380,560,1
380,580,1
400,0,1
400,20,1
400,40,1
400,60,2
400,80,2
400,100,2
400,120,3
400,140,3
400,160,1
400,180,1
400,200,1
400,220,1
400,240,1
400,260,3
400,280,3
400,300,2
400,320,2
400,340,2
400,360,1
400,380,1
400,400,1
400,420,1
400,440,1
400,460,2
400,480,2
400,500,3
400,520,3
400,540,1
400,560,1
400,580,1
420,0,1
420,20,1
420,40,1
420,60,2
420,80,2
420,100,2
420,120,3
420,140,3
420,160,1
420,180,1
420,200,1
420,220,1
420,240,1
420,260,3
420,280,2
420,300,2
420,320,2
420,340,3
420,360,1
420,380,1
420,400,1
420,420,1
420,440,1
420,460,2
420,480,2
420,500,3
420,520,3
420,540,1
420,560,1
420,580,1
440,0,1
440,20,1
440,40,1
440,60,3
440,80,2
440,100,2
440,120,2
440,140,3
440,160,1
440,180,1
440,200,1
440,220,1
440,240,1
440,260,2
440,280,2
440,300,2
440,320,3
440,340,3
440,360,1
440,380,1
440,400,1
440,420,1
440,440,1
440,460,2
440,480,2
440,500,2
440,520,3
440,540,1
440,560,1
440,580,1
460,0,1
460,20,1
460,40,1
460,60,3
460,80,3
460,100,2
460,120,2
460,140,2
460,160,1
460,180,1
460,200,1
460,220,1
460,240,1
460,260,3
460,280,2
460,300,2
460,320,2
460,340,3
460,360,1
460,380,1
460,400,1
460,420,1
460,440,1
460,460,3
460,480,2
460,500,2
460,520,2
460,540,1
460,560,1
460,580,1
480,0,1
480,20,1
480,40,1
480,60,3
480,80,3
480,100,2
480,120,2
480,140,2
480,160,1
480,180,1
480,200,1
480,220,1
480,240,1
480,260,3
480,280,3
480,300,2
480,320,2
480,340,2
480,360,1
480,380,1
480,400,1
480,420,1
480,440,1
480,460,3
480,480,3
480,500,2
480,520,2
480,540,1
480,560,1
480,580,1
500,0,1
500,20,1
500,40,1
500,60,3
500,80,2
500,100,2
500,120,2
500,140,3
500,160,1
500,180,1
500,200,1
500,220,1
500,240,1
500,260,3
500,280,3
500,300,3
500,320,2
500,340,2
500,360,1
500,380,1
500,400,1
500,420,1
500,440,1
500,460,3
500,480,2
500,500,2
500,520,2
500,540,1
500,560,1
500,580,1
520,0,1
520,20,1
520,40,1
520,60,2
520,80,2
520,100,2
520,120,3
520,140,3
520,160,1
520,180,1
520,200,1
520,220,1
520,240,1
520,260,3
520,280,3
520,300,2
520,320,2
520,340,2
520,360,1
520,380,1
520,400,1
520,420,1
520,440,1
520,460,2
520,480,2
520,500,2
520,520,3
520,540,1
520,560,1
520,580,1
540,0,1
540,20,1
540,40,1
540,60,2
540,80,2
540,100,2
540,120,3
540,140,3
540,160,1
540,180,1
540,200,1
540,220,1
540,240,1
540,260,3
540,280,2
540,300,2
540,320,2
540,340,3
540,360,1
540,380,1
540,400,1
540,420,1
540,440,1
540,460,2
540,480,2
540,500,3
540,520,3
540,540,1
540,560,1
540,580,1
560,0,1
560,20,1
560,40,1
560,60,2
560,80,2
560,100,2
560,120,2
560,140,3
560,160,1
560,180,1
560,200,1
560,220,1
560,240,1
560,260,2
560,280,2
560,300,2
560,320,3
560,340,3
560,360,1
560,380,1
560,400,1
560,420,1
560,440,1
560,460,2
560,480,2
560,500,3
560,520,3
560,540,1
560,560,1
560,580,1
580,0,1
580,20,1
580,40,1
580,60,2
580,80,2
580,100,2
580,120,2
580,140,2
580,160,1
580,180,1
580,200,1
580,220,1
580,240,1
580,260,3
580,280,2
580,300,2
580,320,2
580,340,3
580,360,1
580,380,1
580,400,1
580,420,1
580,440,1
580,460,2
580,480,2
580,500,2
580,520,3
580,540,1
580,560,1
580,580,1
600,0,1
600,20,1
600,40,1
600,60,2
600,80,2
600,100,2
600,120,2
600,140,2
600,160,1
600,180,1
600,200,1
600,220,1
600,240,1
600,260,3
600,280,3
600,300,2
600,320,2
600,340,2
600,360,1
600,380,1
600,400,1
600,420,1
600,440,1
600,460,2
600,480,2
600,500,2
600,520,2
600,540,1
600,560,1
600,580,1
620,0,1
620,20,1
620,40,1
620,60,2
620,80,2
620,100,2
620,120,2
620,140,2
620,160,1
620,180,1
620,200,1
620,220,1
620,240,1
620,260,3
620,280,3
620,300,3
620,320,2
620,340,2
620,360,1
620,380,1
620,400,1
620,420,1
620,440,1
620,460,2
620,480,2
620,500,2
620,520,2
620,540,1
620,560,1
620,580,1
640,0,1
640,20,1
640,40,1
640,60,2
640,80,2
640,100,2
640,120,2
640,140,2
640,160,1
640,180,1
640,200,1
640,220,1
640,240,1
640,260,3
640,280,3
640,300,2
640,320,2
640,340,2
640,360,1
640,380,1
640,400,1
640,420,1
640,440,1
640,460,2
640,480,2
640,500,2
640,520,2
640,540,1
640,560,1
640,580,1
660,0,1
660,20,1
660,40,1
660,60,2
660,80,2
660,100,2
660,120,2
660,140,2
660,160,1
660,180,1
660,200,1
660,220,1
660,240,1
660,260,3
660,280,2
660,300,2
660,320,2
660,340,3
660,360,1
660,380,1
660,400,1
660,420,1
660,440,1
660,460,2
660,480,2
660,500,2
660,520,2
660,540,1
660,560,1
660,580,1
680,0,1
680,20,1
680,40,1
680,60,2
680,80,2
680,100,2
680,120,2
680,140,2
680,160,1
680,180,1
680,200,1
680,220,1
680,240,1
680,260,2
680,280,2
680,300,2
680,320,3
680,340,3
680,360,1
680,380,1
680,400,1
680,420,1
680,440,1
680,460,2
680,480,2
680,500,2
680,520,2
680,540,1
680,560,1
680,580,1
700,0,1
700,20,1
700,40,1
700,60,2
700,80,2
700,100,2
700,120,2
700,140,2
700,160,1
700,180,1
700,200,1
700,220,1
700,240,1
700,260,2
700,280,2
700,300,2
700,320,2
700,340,3
700,360,1
700,380,1
700,400,1
700,420,1
700,440,1
700,460,2
700,480,2
700,500,2
700,520,2
700,540,1
700,560,1
700,580,1
720,0,1
720,20,1
720,40,1
720,60,2
720,80,2
720,100,2
720,120,2
720,140,2
720,160,2
720,180,2
720,200,2
720,220,2
720,240,2
720,260,2
720,280,2
720,300,2
720,320,2
720,340,2
720,360,1
720,380,1
720,400,1
720,420,1
720,440,1
720,460,2
720,480,2
720,500,2
720,520,2
720,540,1
720,560,1
720,580,1
740,0,1
740,20,1
740,40,1
740,60,2
740,80,2
740,100,2
740,120,2
740,140,2
740,160,2
740,180,2
740,200,2
740,220,2
740,240,2
740,260,2
740,280,2
740,300,2
740,320,2
740,340,2
740,360,1
740,380,1
740,400,1
740,420,1
740,440,1
740,460,2
740,480,2
740,500,2
740,520,2
740,540,1
740,560,1
740,580,1
760,0,1
760,20,1
760,40,1
760,60,2
760,80,2
760,100,2
760,120,2
760,140,2
760,160,2
760,180,2
760,200,2
760,220,2
760,240,2
760,260,2
760,280,2
760,300,2
760,320,2
760,340,2
760,360,1
760,380,1
760,400,1
760,420,1
760,440,1
760,460,2
760,480,2
760,500,2
760,520,2
760,540,1
760,560,1
760,580,1
780,0,1
780,20,1
780,40,1
780,60,1
780,80,1
780,100,1
780,120,1
780,140,1
780,160,1
780,180,1
780,200,1
780,220,1
780,240,1
780,260,1
780,280,1
780,300,1
780,320,1
780,340,1
780,360,1
780,380,1
780,400,1
780,420,1
780,440,1
780,460,1
780,480,1
780,500,1
780,520,1
780,540,1
780,560,1
780,580,1
632,505,0