800,600
0,0,1
0,20,1
0,40,1
0,60,1
0,80,1
0,100,1
0,120,1
0,140,1
0,160,1
0,180,1
0,200,1
0,220,1
0,240,1
0,260,1
0,280,1
0,300,1
0,320,1
0,340,1
0,360,1
0,380,1
0,400,1
0,420,1
0,440,1
0,460,1
0,480,1
0,500,1
0,520,1
0,540,1
0,560,1
0,580,1
20,0,1
20,20,1
20,40,1
20,60,1
20,80,1
20,100,1
20,120,1
20,140,1
20,160,1
20,180,1
20,200,1
20,220,1
20,240,1
20,260,1
20,280,1
20,300,1
20,320,1
20,340,1
20,360,1
20,380,1
20,400,1
20,420,1
20,440,1
20,460,1
20,480,1
20,500,1
20,520,1
20,540,1
20,560,1
20,580,1
40,0,1
40,20,1
40,40,3
40,60,3
40,80,3
40,100,3
40,120,2
40,140,2
40,160,2
40,180,2
40,200,2
40,220,2
40,240,2
40,260,2
40,280,3
40,300,3
40,320,3
40,340,3
40,360,3
40,380,2
40,400,2
40,420,2
40,440,1
40,460,2
40,480,2
40,500,3
40,520,3
40,540,3
40,560,1
40,580,1
60,0,1
60,20,1
60,40,3
60,60,3
60,80,3
60,100,2
60,120,2
60,140,2
60,160,2
60,180,2
60,200,2
60,220,2
60,240,2
60,260,2
60,280,2
60,300,3
60,320,3
60,340,3
60,360,2
60,380,2
60,400,2
60,420,2
60,440,1
60,460,2
60,480,3
60,500,3
60,520,3
60,540,3
60,560,1
60,580,1
80,0,1
80,20,1
80,40,3
80,60,3
80,80,2
80,100,2
80,120,2
80,140,2
80,160,2
80,180,2
80,200,2
80,220,2
80,240,1
80,260,2
80,280,2
80,300,2
80,320,3
80,340,2
80,360,2
80,380,2
80,400,2
80,420,2
80,440,2
80,460,3
80,480,3
80,500,3
80,520,3
80,540,2
80,560,1
80,580,1
100,0,1
100,20,1
100,40,3
100,60,2
100,80,2
100,100,2
100,120,2
100,140,1
100,160,2
100,180,2
100,200,2
100,220,2
100,240,2
100,260,2
100,280,2
100,300,2
100,320,2
100,340,2
100,360,2
100,380,2
100,400,1
100,420,2
100,440,2
100,460,3
100,480,3
100,500,3
100,520,2
100,540,2
100,560,1
100,580,1
120,0,1
120,20,1
120,40,3
120,60,2
120,80,2
120,100,2
120,120,2
120,140,1
120,160,2
120,180,2
120,200,2
120,220,2
120,240,2
120,260,2
120,280,2
120,300,2
120,320,2
120,340,2
120,360,2
120,380,2
120,400,1
120,420,2
120,440,3
120,460,3
120,480,3
120,500,2
120,520,2
120,540,2
120,560,1
120,580,1
140,0,1
140,20,1
140,40,2
140,60,2
140,80,2
140,100,2
140,120,2
140,140,2
140,160,2
140,180,2
140,200,2
140,220,2
140,240,2
140,260,1
140,280,2
140,300,2
140,320,2
140,340,2
140,360,2
140,380,2
140,400,2
140,420,3
140,440,3
140,460,3
140,480,3
140,500,2
140,520,2
140,540,2
140,560,1
140,580,1
160,0,1
160,20,1
160,40,2
160,60,2
160,80,2
160,100,2
160,120,2
160,140,2
160,160,2
160,180,2
160,200,2
160,220,2
160,240,2
160,260,1
160,280,2
160,300,2
160,320,2
160,340,2
160,360,2
160,380,2
160,400,3
160,420,3
160,440,3
160,460,2
160,480,2
160,500,2
160,520,2
160,540,2
160,560,1
160,580,1
180,0,1
180,20,1
180,40,2
180,60,2
180,80,2
180,100,2
180,120,2
180,140,2
180,160,2
180,180,2
180,200,2
180,220,2
180,240,2
180,260,2
180,280,2
180,300,2
180,320,2
180,340,1
180,360,1
180,380,3
180,400,3
180,420,3
180,440,2
180,460,2
180,480,2
180,500,2
180,520,2
180,540,2
180,560,1
180,580,1
200,0,1
200,20,1
200,40,2
200,60,2
200,80,2
200,100,1
200,120,1
200,140,2
200,160,2
200,180,2
200,200,2
200,220,2
200,240,2
200,260,2
200,280,2
200,300,2
200,320,2
200,340,1
200,360,3
200,380,3
200,400,3
200,420,3
200,440,2
200,460,2
200,480,2
200,500,2
200,520,2
200,540,2
200,560,1
200,580,1
220,0,1
220,20,1
220,40,2
220,60,2
220,80,2
220,100,2
220,120,2
220,140,2
220,160,2
220,180,3
220,200,2
220,220,2
220,240,2
220,260,2
220,280,2
220,300,2
220,320,2
220,340,2
220,360,3
220,380,3
220,400,3
220,420,3
220,440,2
220,460,2
220,480,2
220,500,2
220,520,2
220,540,2
220,560,1
220,580,1
240,0,1
240,20,1
240,40,2
240,60,2
240,80,2
240,100,2
240,120,2
240,140,2
240,160,3
240,180,3
240,200,3
240,220,2
240,240,2
240,260,2
240,280,2
240,300,2
240,320,2
240,340,2
240,360,3
240,380,3
240,400,2
240,420,2
240,440,2
240,460,2
240,480,2
240,500,2
240,520,2
240,540,2
240,560,1
240,580,1
260,0,1
260,20,1
260,40,2
260,60,2
260,80,2
260,100,2
260,120,2
260,140,3
260,160,3
260,180,3
260,200,3
260,220,2
260,240,1
260,260,1
260,280,1
260,300,2
260,320,3
260,340,3
260,360,3
260,380,2
260,400,2
260,420,2
260,440,2
260,460,2
260,480,2
260,500,2
260,520,2
260,540,2
260,560,1
260,580,1
280,0,1
280,20,1
280,40,2
280,60,2
280,80,2
280,100,1
280,120,2
280,140,3
280,160,3
280,180,3
280,200,3
280,220,3
280,240,3
280,260,3
280,280,3
280,300,3
280,320,3
280,340,3
280,360,3
280,380,2
280,400,2
280,420,2
280,440,2
280,460,2
280,480,2
280,500,2
280,520,2
280,540,2
280,560,1
280,580,1
300,0,1
300,20,1
300,40,2
300,60,2
300,80,2
300,100,1
300,120,2
300,140,3
300,160,3
300,180,3
300,200,3
300,220,3
300,240,3
300,260,3
300,280,3
300,300,3
300,320,3
300,340,3
300,360,3
300,380,2
300,400,2
300,420,2
300,440,2
300,460,2
300,480,2
300,500,2
300,520,2
300,540,2
300,560,1
300,580,1
320,0,1
320,20,1
320,40,2
320,60,2
320,80,2
320,100,1
320,120,2
320,140,2
320,160,3
320,180,3
320,200,3
320,220,3
320,240,2
320,260,2
320,280,2
320,300,3
320,320,3
320,340,3
320,360,3
320,380,3
320,400,2
320,420,2
320,440,2
320,460,2
320,480,2
320,500,2
320,520,2
320,540,2
320,560,1
320,580,1
340,0,1
340,20,1
340,40,2
340,60,2
340,80,2
340,100,2
340,120,2
340,140,2
340,160,2
340,180,2
340,200,3
340,220,2
340,240,2
340,260,2
340,280,2
340,300,2
340,320,3
340,340,3
340,360,3
340,380,3
340,400,2
340,420,2
340,440,2
340,460,2
340,480,2
340,500,2
340,520,2
340,540,2
340,560,1
340,580,1
360,0,1
360,20,1
360,40,2
360,60,2
360,80,2
360,100,2
360,120,2
360,140,2
360,160,2
360,180,2
360,200,3
360,220,2
360,240,2
360,260,2
360,280,2
360,300,2
360,320,2
360,340,1
360,360,1
360,380,3
360,400,2
360,420,2
360,440,2
360,460,2
360,480,2
360,500,2
360,520,2
360,540,2
360,560,1
360,580,1
380,0,1
380,20,1
380,40,2
380,60,2
380,80,2
380,100,2
380,120,2
380,140,1
380,160,2
380,180,3
380,200,3
380,220,2
380,240,2
380,260,2
380,280,2
380,300,2
380,320,2
380,340,2
380,360,1
380,380,3
380,400,3
380,420,3
380,440,2
380,460,2
380,480,2
380,500,2
380,520,2
380,540,2
380,560,1
380,580,1
400,0,1
400,20,1
400,40,2
400,60,2
400,80,2
400,100,2
400,120,2
400,140,1
400,160,2
400,180,3
400,200,3
400,220,2
400,240,2
400,260,2
400,280,1
400,300,2
400,320,2
400,340,2
400,360,1
400,380,3
400,400,3
400,420,3
400,440,3
400,460,2
400,480,2
400,500,2
400,520,2
400,540,2
400,560,1
400,580,1
420,0,1
420,20,1
420,40,2
420,60,2
420,80,2
420,100,2
420,120,2
420,140,2
420,160,2
420,180,3
420,200,3
420,220,2
420,240,2
420,260,2
420,280,1
420,300,2
420,320,2
420,340,2
420,360,2
420,380,2
420,400,3
420,420,3
420,440,3
420,460,3
420,480,2
420,500,2
420,520,2
420,540,2
420,560,1
420,580,1
440,0,1
440,20,1
440,40,2
440,60,2
440,80,2
440,100,2
440,120,2
440,140,2
440,160,3
440,180,3
440,200,2
440,220,2
440,240,2
440,260,2
440,280,3
440,300,2
440,320,2
440,340,2
440,360,2
440,380,2
440,400,2
440,420,2
440,440,3
440,460,3
440,480,3
440,500,2
440,520,2
440,540,2
440,560,1
440,580,1
460,0,1
460,20,1
460,40,2
460,60,2
460,80,2
460,100,2
460,120,2
460,140,2
460,160,2
460,180,2
460,200,2
460,220,2
460,240,2
460,260,2
460,280,3
460,300,3
460,320,2
460,340,2
460,360,2
460,380,2
460,400,2
460,420,2
460,440,1
460,460,3
460,480,3
460,500,2
460,520,2
460,540,2
460,560,1
460,580,1
480,0,1
480,20,1
480,40,3
480,60,2
480,80,2
480,100,2
480,120,2
480,140,2
480,160,2
480,180,2
480,200,2
480,220,2
480,240,2
480,260,2
480,280,3
480,300,3
480,320,3
480,340,2
480,360,2
480,380,2
480,400,2
480,420,2
480,440,1
480,460,2
480,480,3
480,500,3
480,520,2
480,540,2
480,560,1
480,580,1
500,0,1
500,20,1
500,40,3
500,60,3
500,80,2
500,100,2
500,120,2
500,140,2
500,160,2
500,180,2
500,200,2
500,220,2
500,240,2
500,260,3
500,280,3
500,300,3
500,320,3
500,340,3
500,360,2
500,380,2
500,400,2
500,420,2
500,440,1
500,460,2
500,480,2
500,500,3
500,520,3
500,540,2
500,560,1
500,580,1
520,0,1
520,20,1
520,40,3
520,60,3
520,80,3
520,100,3
520,120,1
520,140,1
520,160,1
520,180,1
520,200,1
520,220,1
520,240,1
520,260,3
520,280,3
520,300,3
520,320,3
520,340,3
520,360,3
520,380,2
520,400,2
520,420,2
520,440,2
520,460,2
520,480,2
520,500,3
520,520,3
520,540,2
520,560,1
520,580,1
540,0,1
540,20,1
540,40,3
540,60,3
540,80,3
540,100,3
540,120,3
540,140,3
540,160,3
540,180,3
540,200,3
540,220,3
540,240,3
540,260,3
540,280,3
540,300,3
540,320,3
540,340,2
540,360,2
540,380,2
540,400,2
540,420,2
540,440,2
540,460,2
540,480,2
540,500,3
540,520,3
540,540,3
540,560,1
540,580,1
560,0,1
560,20,1
560,40,2
560,60,2
560,80,2
560,100,2
560,120,3
560,140,3
560,160,3
560,180,3
560,200,3
560,220,3
560,240,2
560,260,2
560,280,3
560,300,3
560,320,2
560,340,2
560,360,2
560,380,2
560,400,2
560,420,2
560,440,2
560,460,3
560,480,3
560,500,3
560,520,3
560,540,3
560,560,1
560,580,1
580,0,1
580,20,1
580,40,2
580,60,2
580,80,2
580,100,2
580,120,2
580,140,2
580,160,2
580,180,2
580,200,2
580,220,2
580,240,2
580,260,2
580,280,3
580,300,3
580,320,2
580,340,2
580,360,2
580,380,2
580,400,2
580,420,2
580,440,2
580,460,3
580,480,3
580,500,3
580,520,3
580,540,3
580,560,1
580,580,1
600,0,1
600,20,1
600,40,2
600,60,2
600,80,2
600,100,2
600,120,2
600,140,2
600,160,2
600,180,2
600,200,2
600,220,2
600,240,2
600,260,2
600,280,2
600,300,3
600,320,2
600,340,2
600,360,2
600,380,2
600,400,1
600,420,2
600,440,3
600,460,3
600,480,3
600,500,3
600,520,3
600,540,3
600,560,1
600,580,1
620,0,1
620,20,1
620,40,2
620,60,2
620,80,2
620,100,2
620,120,2
620,140,2
620,160,2
620,180,2
620,200,2
620,220,2
620,240,2
620,260,2
620,280,2
620,300,3
620,320,3
620,340,2
620,360,2
620,380,2
620,400,2
620,420,2
620,440,2
620,460,3
620,480,3
620,500,3
620,520,3
620,540,3
620,560,1
620,580,1
640,0,1
640,20,1
640,40,2
640,60,2
640,80,2
640,100,2
640,120,2
640,140,2
640,160,2
640,180,2
640,200,2
640,220,2
640,240,2
640,260,2
640,280,2
640,300,2
640,320,3
640,340,2
640,360,2
640,380,2
640,400,2
640,420,2
640,440,2
640,460,2
640,480,2
640,500,2
640,520,3
640,540,3
640,560,1
640,580,1
660,0,1
660,20,1
660,40,2
660,60,2
660,80,2
660,100,2
660,120,2
660,140,2
660,160,2
660,180,2
660,200,2
660,220,2
660,240,2
660,260,2
660,280,2
660,300,2
660,320,3
660,340,3
660,360,3
660,380,2
660,400,2
660,420,2
660,440,2
660,460,2
660,480,2
660,500,2
660,520,2
660,540,3
660,560,1
660,580,1
680,0,1
680,20,1
680,40,2
680,60,2
680,80,2
680,100,2
680,120,2
680,140,2
680,160,2
680,180,2
680,200,2
680,220,2
680,240,2
680,260,2
680,280,2
680,300,2
680,320,3
680,340,3
680,360,3
680,380,3
680,400,2
680,420,2
680,440,2
680,460,2
680,480,1
680,500,2
680,520,2
680,540,3
680,560,1
680,580,1
700,0,1
700,20,1
700,40,2
700,60,2
700,80,2
700,100,2
700,120,2
700,140,2
700,160,2
700,180,2
700,200,2
700,220,2
700,240,2
700,260,2
700,280,2
700,300,2
700,320,2
700,340,3
700,360,3
700,380,3
700,400,2
700,420,2
700,440,2
700,460,2
700,480,1
700,500,2
700,520,2
700,540,3
700,560,1
700,580,1
720,0,1
720,20,1
720,40,2
720,60,2
720,80,2
720,100,2
720,120,2
720,140,2
720,160,2
720,180,2
720,200,2
720,220,2
720,240,2
720,260,2
720,280,2
720,300,2
720,320,2
720,340,3
720,360,3
720,380,3
720,400,2
720,420,2
720,440,2
720,460,4
720,480,1
720,500,2
720,520,3
720,540,3
720,560,1
720,580,1
740,0,1
740,20,1
740,40,2
740,60,2
740,80,2
740,100,2
740,120,2
740,140,2
740,160,2
740,180,2
740,200,2
740,220,2
740,240,2
740,260,2
740,280,2
740,300,2
740,320,2
740,340,3
740,360,3
740,380,3
740,400,2
740,420,2
740,440,2
740,460,2
740,480,2
740,500,2
740,520,3
740,540,3
740,560,1
740,580,1
760,0,1
760,20,1
760,40,1
760,60,1
760,80,1
760,100,1
760,120,1
760,140,1
760,160,1
760,180,1
760,200,1
760,220,1
760,240,1
760,260,1
760,280,1
760,300,1
760,320,1
760,340,1
760,360,1
760,380,1
760,400,1
760,420,1
760,440,1
760,460,1
760,480,1
760,500,1
760,520,1
760,540,1
760,560,1
760,580,1
780,0,1
780,20,1
780,40,1
780,60,1
780,80,1
780,100,1
780,120,1
780,140,1
780,160,1
780,180,1
780,200,1
780,220,1
780,240,1
780,260,1
780,280,1
780,300,1
780,320,1
780,340,1
780,360,1
780,380,1
780,400,1
780,420,1
780,440,1
780,460,1
780,480,1
780,500,1
780,520,1
780,540,1
780,560,1
780,580,1
47,408,0