800,600
0,0,1
0,20,1
0,40,1
0,60,1
0,80,1
0,100,1
0,120,1
0,140,1
0,160,1
0,180,1
0,200,1
0,220,1
0,240,1
0,260,1
0,280,1
0,300,1
0,320,1
0,340,1
0,360,1
0,380,1
0,400,1
0,420,1
0,440,1
0,460,1
0,480,1
0,500,1
0,520,1
0,540,1
0,560,1
0,580,1
20,0,1
20,20,1
20,40,1
20,60,1
20,80,1
20,100,1
20,120,1
20,140,1
20,160,1
20,180,2
20,200,2
20,220,2
20,240,2
20,260,2
20,280,2
20,300,2
20,320,2
20,340,2
20,360,2
20,380,2
20,400,2
20,420,1
20,440,1
20,460,1
20,480,1
20,500,1
20,520,1
20,540,1
20,560,1
20,580,1
40,0,1
40,20,1
40,40,1
40,60,1
40,80,1
40,100,1
40,120,1
40,140,1
40,160,1
40,180,2
40,200,2
40,220,2
40,240,2
40,260,2
40,280,2
40,300,2
40,320,2
40,340,2
40,360,2
40,380,2
40,400,2
40,420,1
40,440,1
40,460,1
40,480,1
40,500,1
40,520,1
40,540,1
40,560,1
40,580,1
60,0,1
60,20,1
60,40,1
60,60,1
60,80,1
60,100,1
60,120,1
60,140,1
60,160,1
60,180,2
60,200,2
60,220,2
60,240,2
60,260,2
60,280,2
60,300,2
60,320,2
60,340,2
60,360,2
60,380,2
60,400,2
60,420,1
60,440,1
60,460,1
60,480,1
60,500,1
60,520,1
60,540,1
60,560,1
60,580,1
80,0,1
80,20,1
80,40,1
80,60,1
80,80,1
80,100,1
80,120,1
80,140,1
80,160,1
80,180,2
80,200,2
80,220,2
80,240,2
80,260,2
80,280,2
80,300,2
80,320,2
80,340,2
80,360,2
80,380,2
80,400,2
80,420,1
80,440,1
80,460,1
80,480,1
80,500,1
80,520,1
80,540,1
80,560,1
80,580,1
100,0,1
100,20,1
100,40,1
100,60,1
100,80,1
100,100,1
100,120,1
100,140,1
100,160,1
100,180,2
100,200,2
100,220,2
100,240,2
100,260,2
100,280,2
100,300,2
100,320,2
100,340,2
100,360,2
100,380,2
100,400,2
100,420,1
100,440,1
100,460,1
100,480,1
100,500,1
100,520,1
100,540,1
100,560,1
100,580,1
120,0,1
120,20,1
120,40,1
120,60,1
120,80,1
120,100,1
120,120,1
120,140,1
120,160,1
120,180,2
120,200,2
120,220,2
120,240,2
120,260,2
120,280,2
120,300,2
120,320,2
120,340,2
120,360,2
120,380,3
120,400,3
120,420,1
120,440,1
120,460,1
120,480,1
120,500,1
120,520,1
120,540,1
120,560,1
120,580,1
140,0,1
140,20,1
140,40,1
140,60,1
140,80,1
140,100,1
140,120,1
140,140,1
140,160,1
140,180,2
140,200,2
140,220,2
140,240,2
140,260,2
140,280,2
140,300,2
140,320,2
140,340,2
140,360,2
140,380,2
140,400,2
140,420,1
140,440,1
140,460,1
140,480,1
140,500,1
140,520,1
140,540,1
140,560,1
140,580,1
160,0,1
160,20,1
160,40,1
160,60,1
160,80,1
160,100,1
160,120,1
160,140,1
160,160,1
160,180,2
160,200,2
160,220,2
160,240,2
160,260,2
160,280,2
160,300,2
160,320,2
160,340,2
160,360,2
160,380,2
160,400,2
160,420,1
160,440,1
160,460,1
160,480,1
160,500,1
160,520,1
160,540,1
160,560,1
160,580,1
180,0,1
180,20,1
180,40,1
180,60,1
180,80,1
180,100,1
180,120,1
180,140,1
180,160,1
180,180,2
180,200,2
180,220,2
180,240,2
180,260,2
180,280,2
180,300,2
180,320,2
180,340,2
180,360,2
180,380,3
180,400,3
180,420,1
180,440,1
180,460,1
180,480,1
180,500,1
180,520,1
180,540,1
180,560,1
180,580,1
200,0,1
200,20,1
200,40,1
200,60,1
200,80,1
200,100,1
200,120,1
200,140,1
200,160,1
200,180,2
200,200,2
200,220,2
200,240,2
200,260,2
200,280,2
200,300,2
200,320,2
200,340,2
200,360,2
200,380,2
200,400,2
200,420,1
200,440,1
200,460,1
200,480,1
200,500,1
200,520,1
200,540,1
200,560,1
200,580,1
220,0,1
220,20,1
220,40,1
220,60,1
220,80,1
220,100,1
220,120,1
220,140,1
220,160,1
220,180,2
220,200,2
220,220,2
220,240,2
220,260,2
220,280,2
220,300,2
220,320,2
220,340,2
220,360,2
220,380,2
220,400,2
220,420,1
220,440,1
220,460,1
220,480,1
220,500,1
220,520,1
220,540,1
220,560,1
220,580,1
240,0,1
240,20,1
240,40,1
240,60,1
240,80,1
240,100,1
240,120,1
240,140,1
240,160,1
240,180,2
240,200,2
240,220,2
240,240,2
240,260,2
240,280,2
240,300,2
240,320,2
240,340,2
240,360,2
240,380,3
240,400,3
240,420,1
240,440,1
240,460,1
240,480,1
240,500,1
240,520,1
240,540,1
240,560,1
240,580,1
260,0,1
260,20,1
260,40,1
260,60,1
260,80,1
260,100,1
260,120,1
260,140,1
260,160,1
260,180,2
260,200,2
260,220,2
260,240,2
260,260,2
260,280,2
260,300,2
260,320,2
260,340,2
260,360,2
260,380,2
260,400,2
260,420,1
260,440,1
260,460,1
260,480,1
260,500,1
260,520,1
260,540,1
260,560,1
260,580,1
280,0,1
280,20,1
280,40,1
280,60,1
280,80,1
280,100,1
280,120,1
280,140,1
280,160,1
280,180,2
280,200,2
280,220,2
280,240,2
280,260,2
280,280,2
280,300,2
280,320,2
280,340,2
280,360,2
280,380,2
280,400,2
280,420,1
280,440,1
280,460,1
280,480,1
280,500,1
280,520,1
280,540,1
280,560,1
280,580,1
300,0,1
300,20,1
300,40,1
300,60,1
300,80,1
300,100,1
300,120,1
300,140,1
300,160,1
300,180,2
300,200,2
300,220,2
300,240,2
300,260,2
300,280,2
300,300,2
300,320,2
300,340,2
300,360,2
300,380,3
300,400,3
300,420,1
300,440,1
300,460,1
300,480,1
300,500,1
300,520,1
300,540,1
300,560,1
300,580,1
320,0,1
320,20,1
320,40,1
320,60,1
320,80,1
320,100,1
320,120,1
320,140,1
320,160,1
320,180,2
320,200,2
320,220,2
320,240,2
320,260,2
320,280,2
320,300,2
320,320,2
320,340,2
320,360,2
320,380,2
320,400,2
320,420,1
320,440,1
320,460,1
320,480,1
320,500,1
320,520,1
320,540,1
320,560,1
320,580,1
340,0,1
340,20,1
340,40,1
340,60,1
340,80,1
340,100,1
340,120,1
340,140,1
340,160,1
340,180,2
340,200,2
340,220,2
340,240,2
340,260,2
340,280,2
340,300,2
340,320,2
340,340,2
340,360,2
340,380,2
340,400,2
340,420,1
340,440,1
340,460,1
340,480,1
340,500,1
340,520,1
340,540,1
340,560,1
340,580,1
360,0,1
360,20,1
360,40,1
360,60,1
360,80,1
360,100,1
360,120,1
360,140,1
360,160,1
360,180,2
360,200,2
360,220,2
360,240,2
360,260,2
360,280,2
360,300,2
360,320,2
360,340,2
360,360,2
360,380,2
360,400,2
360,420,1
360,440,1
360,460,1
360,480,1
360,500,1
360,520,1
360,540,1
360,560,1
360,580,1
380,0,1
380,20,1
380,40,1
380,60,1
380,80,1
380,100,1
380,120,1
380,140,1
380,160,1
380,180,2
380,200,2
380,220,2
380,240,2
380,260,2
380,280,2
380,300,2
380,320,2
380,340,2
380,360,2
380,380,2
380,400,2
380,420,1
380,440,1
380,460,1
380,480,1
380,500,1
380,520,1
380,540,1
380,560,1
380,580,1
400,0,1
400,20,1
400,40,1
400,60,1
400,80,1
400,100,1
400,120,1
400,140,1
400,160,1
400,180,2
400,200,2
400,220,2
400,240,2
400,260,2
400,280,2
400,300,2
400,320,2
400,340,2
400,360,2
400,380,2
400,400,2
400,420,1
400,440,1
400,460,1
400,480,1
400,500,1
400,520,1
400,540,1
400,560,1
400,580,1
420,0,1
420,20,1
420,40,1
420,60,1
420,80,1
420,100,1
420,120,1
420,140,1
420,160,1
420,180,2
420,200,2
420,220,2
420,240,2
420,260,2
420,280,2
420,300,2
420,320,2
420,340,2
420,360,2
420,380,2
420,400,2
420,420,1
420,440,1
420,460,1
420,480,1
420,500,1
420,520,1
420,540,1
420,560,1
420,580,1
440,0,1
440,20,1
440,40,1
440,60,1
440,80,1
440,100,1
440,120,1
440,140,1
440,160,1
440,180,2
440,200,2
440,220,2
440,240,2
440,260,2
440,280,2
440,300,2
440,320,2
440,340,2
440,360,2
440,380,2
440,400,2
440,420,1
440,440,1
440,460,1
440,480,1
440,500,1
440,520,1
440,540,1
440,560,1
440,580,1
460,0,1
460,20,1
460,40,1
460,60,1
460,80,1
460,100,1
460,120,1
460,140,1
460,160,1
460,180,2
460,200,2
460,220,2
460,240,2
460,260,2
460,280,2
460,300,2
460,320,2
460,340,2
460,360,2
460,380,2
460,400,2
460,420,1
460,440,1
460,460,1
460,480,1
460,500,1
460,520,1
460,540,1
460,560,1
460,580,1
480,0,1
480,20,1
480,40,1
480,60,1
480,80,1
480,100,1
480,120,1
480,140,1
480,160,1
480,180,2
480,200,2
480,220,2
480,240,2
480,260,2
480,280,2
480,300,2
480,320,2
480,340,2
480,360,2
480,380,3
480,400,3
480,420,1
480,440,1
480,460,1
480,480,1
480,500,1
480,520,1
480,540,1
480,560,1
480,580,1
500,0,1
500,20,1
500,40,1
500,60,1
500,80,1
500,100,1
500,120,1
500,140,1
500,160,1
500,180,2
500,200,2
500,220,2
500,240,2
500,260,2
500,280,2
500,300,2
500,320,2
500,340,2
500,360,2
500,380,2
500,400,2
500,420,1
500,440,1
500,460,1
500,480,1
500,500,1
500,520,1
500,540,1
500,560,1
500,580,1
520,0,1
520,20,1
520,40,1
520,60,1
520,80,1
520,100,1
520,120,1
520,140,1
520,160,1
520,180,2
520,200,2
520,220,2
520,240,2
520,260,2
520,280,2
520,300,2
520,320,2
520,340,2
520,360,2
520,380,2
520,400,2
520,420,1
520,440,1
520,460,1
520,480,1
520,500,1
520,520,1
520,540,1
520,560,1
520,580,1
540,0,1
540,20,1
540,40,1
540,60,1
540,80,1
540,100,1
540,120,1
540,140,1
540,160,1
540,180,2
540,200,2
540,220,2
540,240,2
540,260,2
540,280,2
540,300,2
540,320,2
540,340,2
540,360,2
540,380,3
540,400,3
540,420,1
540,440,1
540,460,1
540,480,1
540,500,1
540,520,1
540,540,1
540,560,1
540,580,1
560,0,1
560,20,1
560,40,1
560,60,1
560,80,1
560,100,1
560,120,1
560,140,1
560,160,1
560,180,2
560,200,2
560,220,2
560,240,2
560,260,2
560,280,2
560,300,2
560,320,2
560,340,2
560,360,2
560,380,2
560,400,2
560,420,1
560,440,1
560,460,1
560,480,1
560,500,1
560,520,1
560,540,1
560,560,1
560,580,1
580,0,1
580,20,1
580,40,1
580,60,1
580,80,1
580,100,1
580,120,1
580,140,1
580,160,1
580,180,2
580,200,2
580,220,2
580,240,2
580,260,2
580,280,2
580,300,2
580,320,2
580,340,2
580,360,2
580,380,2
580,400,2
580,420,1
580,440,1
580,460,1
580,480,1
580,500,1
580,520,1
580,540,1
580,560,1
580,580,1
600,0,1
600,20,1
600,40,1
600,60,1
600,80,1
600,100,1
600,120,1
600,140,1
600,160,1
600,180,2
600,200,2
600,220,2
600,240,2
600,260,2
600,280,2
600,300,2
600,320,2
600,340,2
600,360,2
600,380,3
600,400,3
600,420,1
600,440,1
600,460,1
600,480,1
600,500,1
600,520,1
600,540,1
600,560,1
600,580,1
620,0,1
620,20,1
620,40,1
620,60,1
620,80,1
620,100,1
620,120,1
620,140,1
620,160,1
620,180,2
620,200,2
620,220,2
620,240,2
620,260,2
620,280,2
620,300,2
620,320,2
620,340,2
620,360,2
620,380,2
620,400,2
620,420,1
620,440,1
620,460,1
620,480,1
620,500,1
620,520,1
620,540,1
620,560,1
620,580,1
640,0,1
640,20,1
640,40,1
640,60,1
640,80,1
640,100,1
640,120,1
640,140,1
640,160,1
640,180,2
640,200,2
640,220,2
640,240,2
640,260,2
640,280,2
640,300,2
640,320,2
640,340,2
640,360,2
640,380,2
640,400,2
640,420,1
640,440,1
640,460,1
640,480,1
640,500,1
640,520,1
640,540,1
640,560,1
640,580,1
660,0,1
660,20,1
660,40,1
660,60,1
660,80,1
660,100,1
660,120,1
660,140,1
660,160,1
660,180,2
660,200,2
660,220,2
660,240,2
660,260,2
660,280,2
660,300,2
660,320,2
660,340,2
660,360,2
660,380,3
660,400,3
660,420,1
660,440,1
660,460,1
660,480,1
660,500,1
660,520,1
660,540,1
660,560,1
660,580,1
680,0,1
680,20,1
680,40,1
680,60,1
680,80,1
680,100,1
680,120,1
680,140,1
680,160,1
680,180,2
680,200,2
680,220,2
680,240,2
680,260,2
680,280,2
680,300,2
680,320,2
680,340,2
680,360,2
680,380,2
680,400,2
680,420,1
680,440,1
680,460,1
680,480,1
680,500,1
680,520,1
680,540,1
680,560,1
680,580,1
700,0,1
700,20,1
700,40,1
700,60,1
700,80,1
700,100,1
700,120,1
700,140,1
700,160,1
700,180,2
700,200,2
700,220,2
700,240,2
700,260,2
700,280,2
700,300,2
700,320,2
700,340,2
700,360,2
700,380,2
700,400,2
700,420,1
700,440,1
700,460,1
700,480,1
700,500,1
700,520,1
700,540,1
700,560,1
700,580,1
720,0,1
720,20,1
720,40,1
720,60,1
720,80,1
720,100,1
720,120,1
720,140,1
720,160,1
720,180,2
720,200,2
720,220,2
720,240,2
720,260,2
720,280,2
720,300,2
720,320,2
720,340,2
720,360,2
720,380,2
720,400,2
720,420,1
720,440,1
720,460,1
720,480,1
720,500,1
720,520,1
720,540,1
720,560,1
720,580,1
740,0,1
740,20,1
740,40,1
740,60,1
740,80,1
740,100,1
740,120,1
740,140,1
740,160,1
740,180,2
740,200,2
740,220,2
740,240,2
740,260,2
740,280,2
740,300,2
740,320,2
740,340,2
740,360,2
740,380,2
740,400,4
740,420,1
740,440,1
740,460,1
740,480,1
740,500,1
740,520,1
740,540,1
740,560,1
740,580,1
760,0,1
760,20,1
760,40,1
760,60,1
760,80,1
760,100,1
760,120,1
760,140,1
760,160,1
760,180,2
760,200,2
760,220,2
760,240,2
760,260,2
760,280,2
760,300,2
760,320,2
760,340,2
760,360,2
760,380,2
760,400,2
760,420,1
760,440,1
760,460,1
760,480,1
760,500,1
760,520,1
760,540,1
760,560,1
760,580,1
780,0,1
780,20,1
780,40,1
780,60,1
780,80,1
780,100,1
780,120,1
780,140,1
780,160,1
780,180,1
780,200,1
780,220,1
780,240,1
780,260,1
780,280,1
780,300,1
780,320,1
780,340,1
780,360,1
780,380,1
780,400,1
780,420,1
780,440,1
780,460,1
780,480,1
780,500,1
780,520,1
780,540,1
780,560,1
780,580,1
37,391,0