800,600
0,0,1
0,20,1
0,40,1
0,60,1
0,80,1
0,100,1
0,120,1
0,140,1
0,160,1
0,180,1
0,200,1
0,220,1
0,240,1
0,260,1
0,280,1
0,300,1
0,320,1
0,340,1
0,360,1
0,380,1
0,400,1
0,420,1
0,440,1
0,460,1
0,480,1
0,500,1
0,520,1
0,540,1
0,560,1
0,580,1
20,0,1
20,20,2
20,40,2
20,60,2
20,80,2
20,100,2
20,120,2
20,140,2
20,160,2
20,180,2
20,200,2
20,220,2
20,240,2
20,260,2
20,280,2
20,300,2
20,320,2
20,340,2
20,360,2
20,380,2
20,400,2
20,420,2
20,440,2
20,460,2
20,480,2
20,500,2
20,520,2
20,540,2
20,560,2
20,580,1
40,0,1
40,20,2
40,40,2
40,60,2
40,80,2
40,100,2
40,120,2
40,140,2
40,160,2
40,180,2
40,200,2
40,220,2
40,240,2
40,260,2
40,280,2
40,300,2
40,320,2
40,340,2
40,360,2
40,380,2
40,400,2
40,420,2
40,440,2
40,460,2
40,480,2
40,500,2
40,520,2
40,540,2
40,560,2
40,580,1
60,0,1
60,20,2
60,40,2
60,60,2
60,80,2
60,100,2
60,120,2
60,140,2
60,160,2
60,180,2
60,200,2
60,220,2
60,240,2
60,260,2
60,280,2
60,300,2
60,320,2
60,340,2
60,360,2
60,380,2
60,400,2
60,420,2
60,440,2
60,460,2
60,480,2
60,500,2
60,520,2
60,540,2
60,560,2
60,580,1
80,0,1
80,20,2
80,40,2
80,60,2
80,80,2
80,100,2
80,120,2
80,140,2
80,160,2
80,180,2
80,200,2
80,220,2
80,240,2
80,260,2
80,280,2
80,300,2
80,320,2
80,340,2
80,360,2
80,380,2
80,400,2
80,420,2
80,440,2
80,460,2
80,480,2
80,500,2
80,520,2
80,540,2
80,560,2
80,580,1
100,0,1
100,20,2
100,40,2
100,60,2
100,80,2
100,100,2
100,120,2
100,140,2
100,160,2
100,180,2
100,200,2
100,220,2
100,240,2
100,260,2
100,280,2
100,300,2
100,320,2
100,340,2
100,360,2
100,380,2
100,400,2
100,420,2
100,440,2
100,460,2
100,480,2
100,500,2
100,520,2
100,540,2
100,560,2
100,580,1
120,0,1
120,20,2
120,40,2
120,60,2
120,80,2
120,100,2
120,120,2
120,140,2
120,160,2
120,180,2
120,200,2
120,220,2
120,240,2
120,260,2
120,280,2
120,300,2
120,320,2
120,340,2
120,360,2
120,380,2
120,400,2
120,420,2
120,440,2
120,460,2
120,480,2
120,500,2
120,520,2
120,540,2
120,560,2
120,580,1
140,0,1
140,20,2
140,40,2
140,60,2
140,80,2
140,100,2
140,120,2
140,140,2
140,160,2
140,180,2
140,200,2
140,220,2
140,240,2
140,260,2
140,280,2
140,300,2
140,320,2
140,340,2
140,360,2
140,380,2
140,400,2
140,420,2
140,440,2
140,460,2
140,480,2
140,500,2
140,520,2
140,540,2
140,560,2
140,580,1
160,0,1
160,20,2
160,40,2
160,60,2
160,80,2
160,100,2
160,120,2
160,140,2
160,160,2
160,180,2
160,200,2
160,220,2
160,240,2
160,260,2
160,280,2
160,300,2
160,320,2
160,340,2
160,360,2
160,380,2
160,400,2
160,420,2
160,440,2
160,460,2
160,480,2
160,500,2
160,520,2
160,540,2
160,560,2
160,580,1
180,0,1
180,20,1
180,40,1
180,60,1
180,80,1
180,100,1
180,120,1
180,140,1
180,160,1
180,180,1
180,200,1
180,220,1
180,240,1
180,260,1
180,280,1
180,300,1
180,320,1
180,340,1
180,360,1
180,380,1
180,400,1
180,420,1
180,440,1
180,460,1
180,480,1
180,500,1
180,520,1
180,540,1
180,560,1
180,580,1
200,0,1
200,20,1
200,40,1
200,60,1
200,80,1
200,100,1
200,120,1
200,140,1
200,160,1
200,180,1
200,200,1
200,220,1
200,240,1
200,260,1
200,280,1
200,300,1
200,320,1
200,340,1
200,360,1
200,380,1
200,400,1
200,420,1
200,440,1
200,460,1
200,480,1
200,500,1
200,520,1
200,540,1
200,560,1
200,580,1
220,0,1
220,20,1
220,40,1
220,60,1
220,80,1
220,100,1
220,120,1
220,140,1
220,160,1
220,180,1
220,200,1
220,220,1
220,240,1
220,260,1
220,280,1
220,300,1
220,320,1
220,340,1
220,360,1
220,380,1
220,400,1
220,420,1
220,440,1
220,460,2
220,480,2
220,500,2
220,520,2
220,540,4
220,560,1
220,580,1
240,0,1
240,20,1
240,40,1
240,60,1
240,80,1
240,100,1
240,120,1
240,140,1
240,160,1
240,180,1
240,200,1
240,220,1
240,240,1
240,260,1
240,280,1
240,300,1
240,320,1
240,340,1
240,360,1
240,380,1
240,400,1
240,420,1
240,440,1
240,460,2
240,480,2
240,500,2
240,520,2
240,540,2
240,560,1
240,580,1
260,0,1
260,20,1
260,40,1
260,60,1
260,80,1
260,100,1
260,120,1
260,140,1
260,160,1
260,180,1
260,200,1
260,220,1
260,240,1
260,260,1
260,280,1
260,300,1
260,320,1
260,340,1
260,360,1
260,380,1
260,400,1
260,420,1
260,440,1
260,460,2
260,480,2
260,500,2
260,520,2
260,540,2
260,560,3
260,580,1
280,0,1
280,20,2
280,40,2
280,60,2
280,80,2
280,100,2
280,120,2
280,140,2
280,160,2
280,180,2
280,200,2
280,220,3
280,240,2
280,260,2
280,280,2
280,300,2
280,320,2
280,340,2
280,360,2
280,380,3
280,400,2
280,420,2
280,440,2
280,460,2
280,480,2
280,500,2
280,520,2
280,540,2
280,560,3
280,580,1
300,0,1
300,20,2
300,40,2
300,60,2
300,80,2
300,100,2
300,120,2
300,140,3
300,160,2
300,180,2
300,200,2
300,220,2
300,240,2
300,260,2
300,280,2
300,300,3
300,320,2
300,340,2
300,360,2
300,380,2
300,400,2
300,420,2
300,440,2
300,460,2
300,480,2
300,500,2
300,520,2
300,540,2
300,560,3
300,580,1
320,0,1
320,20,2
320,40,2
320,60,1
320,80,1
320,100,1
320,120,1
320,140,1
320,160,1
320,180,1
320,200,1
320,220,1
320,240,1
320,260,1
320,280,1
320,300,1
320,320,1
320,340,1
320,360,1
320,380,1
320,400,1
320,420,1
320,440,1
320,460,3
320,480,3
320,500,3
320,520,3
320,540,3
320,560,3
320,580,1
340,0,1
340,20,2
340,40,2
340,60,1
340,80,1
340,100,1
340,120,1
340,140,1
340,160,1
340,180,1
340,200,1
340,220,1
340,240,1
340,260,1
340,280,1
340,300,1
340,320,1
340,340,1
340,360,1
340,380,1
340,400,1
340,420,1
340,440,1
340,460,1
340,480,1
340,500,1
340,520,1
340,540,1
340,560,1
340,580,1
360,0,1
360,20,2
360,40,2
360,60,1
360,80,1
360,100,1
360,120,1
360,140,1
360,160,1
360,180,1
360,200,1
360,220,1
360,240,1
360,260,1
360,280,1
360,300,1
360,320,1
360,340,1
360,360,1
360,380,1
360,400,1
360,420,1
360,440,1
360,460,1
360,480,1
360,500,1
360,520,1
360,540,1
360,560,1
360,580,1
380,0,1
380,20,2
380,40,2
380,60,1
380,80,1
380,100,1
380,120,1
380,140,1
380,160,1
380,180,1
380,200,1
380,220,1
380,240,1
380,260,1
380,280,1
380,300,1
380,320,1
380,340,1
380,360,1
380,380,1
380,400,1
380,420,1
380,440,1
380,460,1
380,480,1
380,500,1
380,520,1
380,540,1
380,560,1
380,580,1
400,0,1
400,20,2
400,40,2
400,60,1
400,80,1
400,100,1
400,120,1
400,140,1
400,160,1
400,180,1
400,200,1
400,220,1
400,240,1
400,260,1
400,280,1
400,300,1
400,320,1
400,340,1
400,360,1
400,380,1
400,400,1
400,420,1
400,440,1
400,460,1
400,480,1
400,500,1
400,520,1
400,540,1
400,560,1
400,580,1
420,0,1
420,20,2
420,40,2
420,60,2
420,80,3
420,100,2
420,120,2
420,140,2
420,160,2
420,180,2
420,200,3
420,220,2
420,240,2
420,260,2
420,280,2
420,300,2
420,320,2
420,340,2
420,360,2
420,380,2
420,400,2
420,420,2
420,440,3
420,460,2
420,480,2
420,500,2
420,520,2
420,540,2
420,560,2
420,580,1
440,0,1
440,20,2
440,40,2
440,60,2
440,80,3
440,100,2
440,120,2
440,140,2
440,160,2
440,180,2
440,200,3
440,220,2
440,240,2
440,260,2
440,280,2
440,300,2
440,320,2
440,340,2
440,360,3
440,380,2
440,400,2
440,420,2
440,440,2
440,460,2
440,480,2
440,500,2
440,520,2
440,540,2
440,560,2
440,580,1
460,0,1
460,20,2
460,40,2
460,60,1
460,80,1
460,100,1
460,120,1
460,140,1
460,160,1
460,180,1
460,200,1
460,220,3
460,240,2
460,260,2
460,280,2
460,300,2
460,320,3
460,340,1
460,360,1
460,380,1
460,400,1
460,420,1
460,440,1
460,460,1
460,480,1
460,500,1
460,520,2
460,540,2
460,560,2
460,580,1
480,0,1
480,20,2
480,40,2
480,60,1
480,80,1
480,100,1
480,120,1
480,140,1
480,160,1
480,180,1
480,200,1
480,220,3
480,240,3
480,260,2
480,280,3
480,300,3
480,320,3
480,340,1
480,360,1
480,380,1
480,400,1
480,420,1
480,440,1
480,460,1
480,480,1
480,500,1
480,520,2
480,540,2
480,560,2
480,580,1
500,0,1
500,20,2
500,40,2
500,60,1
500,80,1
500,100,1
500,120,1
500,140,1
500,160,1
500,180,1
500,200,1
500,220,3
500,240,2
500,260,2
500,280,2
500,300,2
500,320,3
500,340,1
500,360,1
500,380,1
500,400,1
500,420,1
500,440,1
500,460,1
500,480,1
500,500,1
500,520,2
500,540,2
500,560,2
500,580,1
520,0,1
520,20,2
520,40,2
520,60,2
520,80,3
520,100,2
520,120,2
520,140,2
520,160,2
520,180,2
520,200,2
520,220,2
520,240,2
520,260,2
520,280,2
520,300,2
520,320,2
520,340,2
520,360,3
520,380,2
520,400,2
520,420,2
520,440,2
520,460,2
520,480,2
520,500,3
520,520,2
520,540,2
520,560,2
520,580,1
540,0,1
540,20,2
540,40,2
540,60,2
540,80,2
540,100,2
540,120,2
540,140,2
540,160,3
540,180,2
540,200,2
540,220,2
540,240,2
540,260,2
540,280,2
540,300,2
540,320,2
540,340,2
540,360,3
540,380,2
540,400,2
540,420,2
540,440,2
540,460,2
540,480,2
540,500,3
540,520,2
540,540,2
540,560,2
540,580,1
560,0,1
560,20,1
560,40,1
560,60,1
560,80,1
560,100,1
560,120,1
560,140,1
560,160,1
560,180,1
560,200,1
560,220,1
560,240,1
560,260,1
560,280,1
560,300,1
560,320,1
560,340,1
560,360,1
560,380,1
560,400,1
560,420,1
560,440,1
560,460,1
560,480,1
560,500,1
560,520,1
560,540,1
560,560,1
560,580,1
580,0,1
580,20,1
580,40,1
580,60,1
580,80,1
580,100,1
580,120,1
580,140,1
580,160,1
580,180,1
580,200,1
580,220,1
580,240,1
580,260,1
580,280,1
580,300,1
580,320,1
580,340,1
580,360,1
580,380,1
580,400,1
580,420,1
580,440,1
580,460,1
580,480,1
580,500,1
580,520,1
580,540,1
580,560,1
580,580,1
600,0,1
600,20,2
600,40,2
600,60,2
600,80,2
600,100,2
600,120,2
600,140,2
600,160,2
600,180,2
600,200,2
600,220,2
600,240,2
600,260,2
600,280,2
600,300,2
600,320,2
600,340,2
600,360,2
600,380,2
600,400,2
600,420,2
600,440,2
600,460,2
600,480,2
600,500,2
600,520,2
600,540,2
600,560,2
600,580,1
620,0,1
620,20,2
620,40,2
620,60,2
620,80,2
620,100,2
620,120,2
620,140,2
620,160,2
620,180,2
620,200,2
620,220,2
620,240,2
620,260,2
620,280,2
620,300,2
620,320,2
620,340,2
620,360,2
620,380,2
620,400,2
620,420,2
620,440,2
620,460,2
620,480,2
620,500,2
620,520,2
620,540,2
620,560,2
620,580,1
640,0,1
640,20,2
640,40,2
640,60,2
640,80,2
640,100,2
640,120,2
640,140,2
640,160,2
640,180,2
640,200,2
640,220,2
640,240,2
640,260,2
640,280,2
640,300,2
640,320,2
640,340,2
640,360,2
640,380,2
640,400,2
640,420,2
640,440,2
640,460,2
640,480,2
640,500,2
640,520,2
640,540,2
640,560,2
640,580,1
660,0,1
660,20,2
660,40,2
660,60,2
660,80,2
660,100,2
660,120,2
660,140,2
660,160,2
660,180,2
660,200,2
660,220,2
660,240,2
660,260,2
660,280,2
660,300,2
660,320,2
660,340,2
660,360,2
660,380,2
660,400,2
660,420,2
660,440,2
660,460,2
660,480,2
660,500,2
660,520,2
660,540,2
660,560,2
660,580,1
680,0,1
680,20,2
680,40,2
680,60,2
680,80,2
680,100,2
680,120,2
680,140,2
680,160,2
680,180,2
680,200,2
680,220,2
680,240,2
680,260,2
680,280,2
680,300,2
680,320,2
680,340,2
680,360,2
680,380,2
680,400,2
680,420,2
680,440,2
680,460,2
680,480,2
680,500,2
680,520,2
680,540,2
680,560,2
680,580,1
700,0,1
700,20,2
700,40,2
700,60,2
700,80,2
700,100,2
700,120,2
700,140,2
700,160,2
700,180,2
700,200,2
700,220,2
700,240,2
700,260,2
700,280,2
700,300,2
700,320,2
700,340,2
700,360,2
700,380,2
700,400,2
700,420,2
700,440,2
700,460,2
700,480,2
700,500,2
700,520,2
700,540,2
700,560,2
700,580,1
720,0,1
720,20,2
720,40,2
720,60,2
720,80,2
720,100,2
720,120,2
720,140,2
720,160,2
720,180,2
720,200,2
720,220,2
720,240,2
720,260,2
720,280,2
720,300,2
720,320,2
720,340,2
720,360,2
720,380,2
720,400,2
720,420,2
720,440,2
720,460,2
720,480,2
720,500,2
720,520,2
720,540,2
720,560,2
720,580,1
740,0,1
740,20,2
740,40,2
740,60,2
740,80,2
740,100,2
740,120,2
740,140,2
740,160,2
740,180,2
740,200,2
740,220,2
740,240,2
740,260,2
740,280,2
740,300,2
740,320,2
740,340,2
740,360,2
740,380,2
740,400,2
740,420,2
740,440,2
740,460,2
740,480,2
740,500,2
740,520,2
740,540,2
740,560,2
740,580,1
760,0,1
760,20,2
760,40,2
760,60,2
760,80,2
760,100,2
760,120,2
760,140,2
760,160,2
760,180,2
760,200,2
760,220,2
760,240,2
760,260,2
760,280,2
760,300,2
760,320,2
760,340,2
760,360,2
760,380,2
760,400,2
760,420,2
760,440,2
760,460,2
760,480,2
760,500,2
760,520,2
760,540,2
760,560,2
760,580,1
780,0,1
780,20,1
780,40,1
780,60,1
780,80,1
780,100,1
780,120,1
780,140,1
780,160,1
780,180,1
780,200,1
780,220,1
780,240,1
780,260,1
780,280,1
780,300,1
780,320,1
780,340,1
780,360,1
780,380,1
780,400,1
780,420,1
780,440,1
780,460,1
780,480,1
780,500,1
780,520,1
780,540,1
780,560,1
780,580,1
457,547,0