800,600
0,0,1
0,20,1
0,40,1
0,60,1
0,80,1
0,100,1
0,120,1
0,140,1
0,160,1
0,180,1
0,200,1
0,220,1
0,240,1
0,260,1
0,280,1
0,300,1
0,320,1
0,340,1
0,360,1
0,380,1
0,400,1
0,420,1
0,440,1
0,460,1
0,480,1
0,500,1
0,520,1
0,540,1
0,560,1
0,580,1
20,0,1
20,20,1
20,40,1
20,60,1
20,80,1
20,100,1
20,120,1
20,140,1
20,160,1
20,180,1
20,200,1
20,220,1
20,240,1
20,260,1
20,280,1
20,300,1
20,320,1
20,340,1
20,360,1
20,380,1
20,400,1
20,420,1
20,440,1
20,460,1
20,480,1
20,500,1
20,520,1
20,540,1
20,560,1
20,580,1
40,0,1
40,20,1
40,40,1
40,60,1
40,80,1
40,100,1
40,120,1
40,140,1
40,160,1
40,180,1
40,200,1
40,220,1
40,240,1
40,260,1
40,280,1
40,300,1
40,320,1
40,340,1
40,360,1
40,380,1
40,400,1
40,420,1
40,440,1
40,460,1
40,480,1
40,500,1
40,520,1
40,540,1
40,560,1
40,580,1
60,0,1
60,20,1
60,40,3
60,60,2
60,80,2
60,100,2
60,120,4
60,140,1
60,160,1
60,180,1
60,200,1
60,220,1
60,240,1
60,260,1
60,280,1
60,300,1
60,320,1
60,340,1
60,360,1
60,380,1
60,400,3
60,420,3
60,440,2
60,460,2
60,480,2
60,500,2
60,520,3
60,540,3
60,560,1
60,580,1
80,0,1
80,20,1
80,40,3
80,60,2
80,80,2
80,100,3
80,120,3
80,140,1
80,160,1
80,180,1
80,200,1
80,220,1
80,240,1
80,260,1
80,280,1
80,300,1
80,320,1
80,340,1
80,360,3
80,380,3
80,400,3
80,420,2
80,440,2
80,460,2
80,480,2
80,500,2
80,520,3
80,540,3
80,560,1
80,580,1
100,0,1
100,20,1
100,40,3
100,60,2
100,80,2
100,100,3
100,120,3
100,140,1
100,160,1
100,180,1
100,200,1
100,220,1
100,240,1
100,260,1
100,280,1
100,300,1
100,320,1
100,340,1
100,360,3
100,380,2
100,400,2
100,420,2
100,440,2
100,460,2
100,480,2
100,500,2
100,520,2
100,540,3
100,560,1
100,580,1
120,0,1
120,20,1
120,40,3
120,60,2
120,80,2
120,100,2
120,120,3
120,140,1
120,160,1
120,180,1
120,200,1
120,220,1
120,240,1
120,260,1
120,280,1
120,300,1
120,320,1
120,340,3
120,360,3
120,380,2
120,400,2
120,420,2
120,440,2
120,460,2
120,480,2
120,500,2
120,520,2
120,540,2
120,560,1
120,580,1
140,0,1
140,20,1
140,40,3
140,60,3
140,80,2
140,100,2
140,120,2
140,140,1
140,160,1
140,180,1
140,200,1
140,220,1
140,240,1
140,260,1
140,280,1
140,300,1
140,320,1
140,340,3
140,360,2
140,380,2
140,400,2
140,420,2
140,440,1
140,460,3
140,480,3
140,500,3
140,520,3
140,540,2
140,560,1
140,580,1
160,0,1
160,20,1
160,40,3
160,60,3
160,80,2
160,100,2
160,120,2
160,140,1
160,160,1
160,180,1
160,200,1
160,220,1
160,240,1
160,260,1
160,280,1
160,300,1
160,320,3
160,340,3
160,360,2
160,380,2
160,400,2
160,420,2
160,440,1
160,460,3
160,480,3
160,500,3
160,520,3
160,540,2
160,560,1
160,580,1
180,0,1
180,20,1
180,40,3
180,60,2
180,80,2
180,100,2
180,120,3
180,140,1
180,160,1
180,180,1
180,200,1
180,220,1
180,240,1
180,260,1
180,280,1
180,300,1
180,320,3
180,340,2
180,360,2
180,380,2
180,400,2
180,420,1
180,440,1
180,460,3
180,480,3
180,500,3
180,520,2
180,540,2
180,560,1
180,580,1
200,0,1
200,20,1
200,40,3
200,60,2
200,80,2
200,100,3
200,120,3
200,140,1
200,160,1
200,180,1
200,200,1
200,220,1
200,240,1
200,260,1
200,280,1
200,300,3
200,320,3
200,340,2
200,360,2
200,380,3
200,400,3
200,420,1
200,440,1
200,460,3
200,480,3
200,500,2
200,520,2
200,540,2
200,560,1
200,580,1
220,0,1
220,20,1
220,40,3
220,60,2
220,80,2
220,100,3
220,120,3
220,140,1
220,160,1
220,180,1
220,200,1
220,220,1
220,240,1
220,260,1
220,280,1
220,300,3
220,320,2
220,340,2
220,360,2
220,380,2
220,400,1
220,420,1
220,440,1
220,460,3
220,480,2
220,500,2
220,520,2
220,540,2
220,560,1
220,580,1
240,0,1
240,20,1
240,40,3
240,60,2
240,80,2
240,100,2
240,120,3
240,140,1
240,160,1
240,180,1
240,200,1
240,220,1
240,240,1
240,260,1
240,280,1
240,300,3
240,320,2
240,340,2
240,360,2
240,380,2
240,400,1
240,420,1
240,440,1
240,460,3
240,480,2
240,500,2
240,520,3
240,540,3
240,560,1
240,580,1
260,0,1
260,20,1
260,40,3
260,60,2
260,80,2
260,100,2
260,120,2
260,140,1
260,160,1
260,180,1
260,200,1
260,220,1
260,240,1
260,260,1
260,280,3
260,300,3
260,320,2
260,340,2
260,360,2
260,380,2
260,400,1
260,420,1
260,440,1
260,460,3
260,480,2
260,500,2
260,520,2
260,540,2
260,560,1
260,580,1
280,0,1
280,20,1
280,40,3
280,60,2
280,80,2
280,100,2
280,120,2
280,140,1
280,160,1
280,180,1
280,200,1
280,220,1
280,240,1
280,260,1
280,280,3
280,300,2
280,320,2
280,340,2
280,360,2
280,380,1
280,400,1
280,420,1
280,440,1
280,460,3
280,480,3
280,500,2
280,520,2
280,540,2
280,560,1
280,580,1
300,0,1
300,20,1
300,40,3
300,60,2
300,80,2
300,100,2
300,120,2
300,140,1
300,160,1
300,180,1
300,200,1
300,220,1
300,240,1
300,260,1
300,280,3
300,300,3
300,320,3
300,340,2
300,360,2
300,380,1
300,400,1
300,420,1
300,440,1
300,460,3
300,480,3
300,500,3
300,520,2
300,540,2
300,560,1
300,580,1
320,0,1
320,20,1
320,40,3
320,60,2
320,80,2
320,100,3
320,120,3
320,140,1
320,160,1
320,180,1
320,200,1
320,220,1
320,240,1
320,260,3
320,280,3
320,300,3
320,320,3
320,340,2
320,360,1
320,380,1
320,400,1
320,420,1
320,440,1
320,460,3
320,480,3
320,500,3
320,520,3
320,540,2
320,560,1
320,580,1
340,0,1
340,20,1
340,40,3
340,60,3
340,80,2
340,100,2
340,120,2
340,140,1
340,160,1
340,180,1
340,200,1
340,220,1
340,240,1
340,260,3
340,280,3
340,300,3
340,320,2
340,340,2
340,360,1
340,380,1
340,400,1
340,420,1
340,440,1
340,460,3
340,480,3
340,500,3
340,520,3
340,540,2
340,560,1
340,580,1
360,0,1
360,20,1
360,40,3
360,60,2
360,80,2
360,100,3
360,120,3
360,140,1
360,160,1
360,180,1
360,200,1
360,220,1
360,240,3
360,260,3
360,280,3
360,300,2
360,320,2
360,340,2
360,360,1
360,380,1
360,400,1
360,420,1
360,440,1
360,460,3
360,480,3
360,500,3
360,520,2
360,540,2
360,560,1
360,580,1
380,0,1
380,20,1
380,40,3
380,60,2
380,80,2
380,100,2
380,120,2
380,140,1
380,160,1
380,180,1
380,200,1
380,220,1
380,240,3
380,260,3
380,280,3
380,300,2
380,320,2
380,340,1
380,360,1
380,380,1
380,400,1
380,420,1
380,440,1
380,460,3
380,480,3
380,500,2
380,520,2
380,540,2
380,560,1
380,580,1
400,0,1
400,20,1
400,40,3
400,60,2
400,80,2
400,100,2
400,120,2
400,140,1
400,160,1
400,180,1
400,200,1
400,220,1
400,240,3
400,260,3
400,280,3
400,300,2
400,320,2
400,340,1
400,360,1
400,380,1
400,400,1
400,420,1
400,440,1
400,460,3
400,480,3
400,500,2
400,520,2
400,540,3
400,560,1
400,580,1
420,0,1
420,20,1
420,40,3
420,60,2
420,80,2
420,100,2
420,120,2
420,140,1
420,160,1
420,180,1
420,200,1
420,220,3
420,240,3
420,260,3
420,280,2
420,300,2
420,320,3
420,340,1
420,360,1
420,380,1
420,400,1
420,420,1
420,440,1
420,460,3
420,480,3
420,500,2
420,520,2
420,540,2
420,560,1
420,580,1
440,0,1
440,20,1
440,40,3
440,60,3
440,80,2
440,100,2
440,120,2
440,140,1
440,160,1
440,180,1
440,200,1
440,220,3
440,240,3
440,260,2
440,280,2
440,300,2
440,320,1
440,340,1
440,360,1
440,380,1
440,400,1
440,420,1
440,440,1
440,460,3
440,480,3
440,500,3
440,520,2
440,540,2
440,560,1
440,580,1
460,0,1
460,20,1
460,40,3
460,60,2
460,80,2
460,100,3
460,120,3
460,140,1
460,160,1
460,180,1
460,200,1
460,220,3
460,240,2
460,260,2
460,280,2
460,300,2
460,320,1
460,340,1
460,360,1
460,380,1
460,400,1
460,420,1
460,440,1
460,460,3
460,480,3
460,500,3
460,520,3
460,540,2
460,560,1
460,580,1
480,0,1
480,20,1
480,40,3
480,60,3
480,80,2
480,100,2
480,120,2
480,140,1
480,160,1
480,180,1
480,200,3
480,220,3
480,240,2
480,260,2
480,280,2
480,300,3
480,320,1
480,340,1
480,360,1
480,380,1
480,400,1
480,420,1
480,440,1
480,460,3
480,480,3
480,500,3
480,520,3
480,540,2
480,560,1
480,580,1
500,0,1
500,20,1
500,40,3
500,60,2
500,80,2
500,100,2
500,120,2
500,140,1
500,160,1
500,180,3
500,200,3
500,220,3
500,240,3
500,260,2
500,280,2
500,300,1
500,320,1
500,340,1
500,360,1
500,380,1
500,400,1
500,420,1
500,440,1
500,460,3
500,480,3
500,500,3
500,520,3
500,540,2
500,560,1
500,580,1
520,0,1
520,20,1
520,40,3
520,60,2
520,80,2
520,100,2
520,120,2
520,140,1
520,160,1
520,180,3
520,200,2
520,220,2
520,240,2
520,260,2
520,280,2
520,300,1
520,320,1
520,340,1
520,360,1
520,380,1
520,400,1
520,420,1
520,440,1
520,460,3
520,480,3
520,500,3
520,520,2
520,540,2
520,560,1
520,580,1
540,0,1
540,20,1
540,40,3
540,60,3
540,80,3
540,100,2
540,120,2
540,140,1
540,160,1
540,180,3
540,200,2
540,220,2
540,240,2
540,260,2
540,280,1
540,300,1
540,320,1
540,340,1
540,360,1
540,380,1
540,400,1
540,420,1
540,440,1
540,460,3
540,480,3
540,500,2
540,520,2
540,540,2
540,560,1
540,580,1
560,0,1
560,20,1
560,40,3
560,60,2
560,80,2
560,100,2
560,120,3
560,140,1
560,160,1
560,180,2
560,200,2
560,220,2
560,240,2
560,260,2
560,280,1
560,300,1
560,320,1
560,340,1
560,360,1
560,380,1
560,400,1
560,420,1
560,440,1
560,460,3
560,480,2
560,500,2
560,520,2
560,540,3
560,560,1
560,580,1
580,0,1
580,20,1
580,40,3
580,60,3
580,80,3
580,100,2
580,120,2
580,140,1
580,160,2
580,180,2
580,200,2
580,220,2
580,240,2
580,260,1
580,280,1
580,300,1
580,320,1
580,340,1
580,360,1
580,380,1
580,400,1
580,420,1
580,440,1
580,460,3
580,480,2
580,500,2
580,520,3
580,540,3
580,560,1
580,580,1
600,0,1
600,20,1
600,40,3
600,60,2
600,80,2
600,100,2
600,120,2
600,140,1
600,160,3
600,180,3
600,200,2
600,220,3
600,240,3
600,260,1
600,280,1
600,300,1
600,320,1
600,340,1
600,360,1
600,380,1
600,400,1
600,420,1
600,440,1
600,460,3
600,480,2
600,500,2
600,520,3
600,540,3
600,560,1
600,580,1
620,0,1
620,20,1
620,40,3
620,60,2
620,80,2
620,100,2
620,120,2
620,140,1
620,160,2
620,180,2
620,200,2
620,220,2
620,240,1
620,260,1
620,280,1
620,300,1
620,320,1
620,340,1
620,360,1
620,380,1
620,400,1
620,420,1
620,440,1
620,460,3
620,480,2
620,500,2
620,520,2
620,540,3
620,560,1
620,580,1
640,0,1
640,20,1
640,40,3
640,60,2
640,80,2
640,100,2
640,120,3
640,140,3
640,160,2
640,180,2
640,200,2
640,220,2
640,240,1
640,260,1
640,280,1
640,300,1
640,320,1
640,340,1
640,360,1
640,380,1
640,400,1
640,420,1
640,440,1
640,460,3
640,480,2
640,500,2
640,520,2
640,540,2
640,560,1
640,580,1
660,0,1
660,20,1
660,40,3
660,60,2
660,80,2
660,100,2
660,120,2
660,140,2
660,160,2
660,180,2
660,200,2
660,220,1
660,240,1
660,260,1
660,280,1
660,300,1
660,320,1
660,340,1
660,360,1
660,380,1
660,400,1
660,420,1
660,440,1
660,460,2
660,480,2
660,500,2
660,520,2
660,540,2
660,560,1
660,580,1
680,0,1
680,20,1
680,40,3
680,60,2
680,80,2
680,100,2
680,120,2
680,140,2
680,160,2
680,180,2
680,200,2
680,220,1
680,240,1
680,260,1
680,280,1
680,300,1
680,320,1
680,340,1
680,360,1
680,380,1
680,400,1
680,420,1
680,440,1
680,460,2
680,480,2
680,500,3
680,520,3
680,540,3
680,560,1
680,580,1
700,0,1
700,20,1
700,40,3
700,60,3
700,80,2
700,100,2
700,120,2
700,140,2
700,160,2
700,180,3
700,200,1
700,220,1
700,240,1
700,260,1
700,280,1
700,300,1
700,320,1
700,340,1
700,360,1
700,380,1
700,400,1
700,420,1
700,440,1
700,460,2
700,480,2
700,500,2
700,520,2
700,540,2
700,560,1
700,580,1
720,0,1
720,20,1
720,40,3
720,60,3
720,80,3
720,100,2
720,120,2
720,140,2
720,160,2
720,180,3
720,200,1
720,220,1
720,240,1
720,260,1
720,280,1
720,300,1
720,320,1
720,340,1
720,360,1
720,380,1
720,400,1
720,420,1
720,440,1
720,460,3
720,480,2
720,500,2
720,520,2
720,540,2
720,560,1
720,580,1
740,0,1
740,20,1
740,40,1
740,60,1
740,80,1
740,100,1
740,120,1
740,140,1
740,160,1
740,180,1
740,200,1
740,220,1
740,240,1
740,260,1
740,280,1
740,300,1
740,320,1
740,340,1
740,360,1
740,380,1
740,400,1
740,420,1
740,440,1
740,460,1
740,480,1
740,500,1
740,520,1
740,540,1
740,560,1
740,580,1
760,0,1
760,20,1
760,40,1
760,60,1
760,80,1
760,100,1
760,120,1
760,140,1
760,160,1
760,180,1
760,200,1
760,220,1
760,240,1
760,260,1
760,280,1
760,300,1
760,320,1
760,340,1
760,360,1
760,380,1
760,400,1
760,420,1
760,440,1
760,460,1
760,480,1
760,500,1
760,520,1
760,540,1
760,560,1
760,580,1
780,0,1
780,20,1
780,40,1
780,60,1
780,80,1
780,100,1
780,120,1
780,140,1
780,160,1
780,180,1
780,200,1
780,220,1
780,240,1
780,260,1
780,280,1
780,300,1
780,320,1
780,340,1
780,360,1
780,380,1
780,400,1
780,420,1
780,440,1
780,460,1
780,480,1
780,500,1
780,520,1
780,540,1
780,560,1
780,580,1
709,531,0