1600,1600
0,0,1
0,20,1
0,40,2
0,60,1
0,80,1
0,100,1
0,120,1
0,140,1
0,160,1
0,180,1
0,200,1
0,220,1
0,240,1
0,260,1
0,280,1
0,300,1
0,320,1
0,340,1
0,360,1
0,380,1
0,400,1
0,420,1
0,440,1
0,460,1
0,480,1
0,500,1
0,520,1
0,540,1
0,560,1
0,580,1
0,600,1
0,620,1
0,640,1
0,660,1
0,680,1
0,700,1
0,720,1
0,740,1
0,760,1
0,780,1
0,800,1
0,820,1
0,840,1
0,860,1
0,880,1
0,900,1
0,920,1
0,940,1
0,960,1
0,980,1
0,1000,1
0,1020,1
0,1040,1
0,1060,1
0,1080,1
0,1100,1
0,1120,1
0,1140,1
0,1160,1
0,1180,1
0,1200,1
0,1220,1
0,1240,1
0,1260,1
0,1280,1
0,1300,1
0,1320,1
0,1340,1
0,1360,1
0,1380,1
0,1400,1
0,1420,1
0,1440,1
0,1460,1
0,1480,1
0,1500,1
0,1520,1
0,1540,1
0,1560,1
0,1580,1
20,0,1
20,20,1
20,40,2
20,60,1
20,80,1
20,100,1
20,120,1
20,140,1
20,160,1
20,180,1
20,200,1
20,220,1
20,240,1
20,260,1
20,280,1
20,300,1
20,320,1
20,340,1
20,360,1
20,380,1
20,400,1
20,420,1
20,440,1
20,460,1
20,480,1
20,500,1
20,520,1
20,540,1
20,560,1
20,580,1
20,600,1
20,620,1
20,640,1
20,660,1
20,680,1
20,700,1
20,720,1
20,740,1
20,760,1
20,780,1
20,800,1
20,820,1
20,840,1
20,860,1
20,880,1
20,900,1
20,920,1
20,940,1
20,960,1
20,980,1
20,1000,1
20,1020,1
20,1040,1
20,1060,1
20,1080,1
20,1100,1
20,1120,1
20,1140,1
20,1160,1
20,1180,1
20,1200,1
20,1220,1
20,1240,1
20,1260,1
20,1280,1
20,1300,1
20,1320,1
20,1340,1
20,1360,1
20,1380,1
20,1400,1
20,1420,1
20,1440,1
20,1460,1
20,1480,1
20,1500,1
20,1520,1
20,1540,1
20,1560,1
20,1580,1
40,0,1
40,20,1
40,40,2
40,60,2
40,80,1
40,100,1
40,120,1
40,140,1
40,160,1
40,180,1
40,200,1
40,220,1
40,240,1
40,260,1
40,280,1
40,300,1
40,320,1
40,340,1
40,360,1
40,380,1
40,400,1
40,420,1
40,440,1
40,460,1
40,480,1
40,500,1
40,520,1
40,540,1
40,560,1
40,580,1
40,600,1
40,620,1
40,640,1
40,660,1
40,680,1
40,700,1
40,720,1
40,740,1
40,760,1
40,780,1
40,800,1
40,820,1
40,840,1
40,860,1
40,880,1
40,900,1
40,920,1
40,940,1
40,960,1
40,980,1
40,1000,1
40,1020,1
40,1040,1
40,1060,1
40,1080,1
40,1100,1
40,1120,1
40,1140,1
40,1160,1
40,1180,1
40,1200,1
40,1220,1
40,1240,1
40,1260,1
40,1280,1
40,1300,1
40,1320,1
40,1340,1
40,1360,1
40,1380,1
40,1400,1
40,1420,1
40,1440,1
40,1460,1
40,1480,1
40,1500,1
40,1520,1
40,1540,1
40,1560,1
40,1580,1
60,0,1
60,20,2
60,40,2
60,60,2
60,80,2
60,100,2
60,120,2
60,140,2
60,160,2
60,180,2
60,200,2
60,220,2
60,240,2
60,260,2
60,280,2
60,300,2
60,320,1
60,340,2
60,360,2
60,380,2
60,400,2
60,420,2
60,440,2
60,460,2
60,480,2
60,500,2
60,520,1
60,540,1
60,560,2
60,580,2
60,600,2
60,620,2
60,640,2
60,660,1
60,680,2
60,700,2
60,720,2
60,740,2
60,760,2
60,780,2
60,800,2
60,820,2
60,840,1
60,860,2
60,880,2
60,900,2
60,920,2
60,940,2
60,960,1
60,980,2
60,1000,2
60,1020,2
60,1040,2
60,1060,2
60,1080,2
60,1100,2
60,1120,2
60,1140,2
60,1160,2
60,1180,2
60,1200,2
60,1220,1
60,1240,1
60,1260,1
60,1280,1
60,1300,1
60,1320,1
60,1340,1
60,1360,1
60,1380,1
60,1400,1
60,1420,1
60,1440,1
60,1460,2
60,1480,2
60,1500,2
60,1520,2
60,1540,1
60,1560,1
60,1580,1
80,0,1
80,20,2
80,40,2
80,60,2
80,80,2
80,100,2
80,120,2
80,140,2
80,160,2
80,180,2
80,200,2
80,220,2
80,240,2
80,260,2
80,280,2
80,300,2
80,320,2
80,340,2
80,360,2
80,380,2
80,400,2
80,420,2
80,440,2
80,460,2
80,480,2
80,500,2
80,520,2
80,540,2
80,560,2
80,580,2
80,600,2
80,620,2
80,640,2
80,660,2
80,680,2
80,700,2
80,720,2
80,740,2
80,760,2
80,780,2
80,800,2
80,820,2
80,840,2
80,860,2
80,880,2
80,900,2
80,920,2
80,940,2
80,960,1
80,980,2
80,1000,2
80,1020,2
80,1040,2
80,1060,2
80,1080,2
80,1100,2
80,1120,2
80,1140,2
80,1160,2
80,1180,2
80,1200,2
80,1220,2
80,1240,2
80,1260,1
80,1280,1
80,1300,1
80,1320,1
80,1340,1
80,1360,2
80,1380,2
80,1400,2
80,1420,2
80,1440,2
80,1460,2
80,1480,2
80,1500,2
80,1520,2
80,1540,1
80,1560,1
80,1580,1
100,0,1
100,20,2
100,40,2
100,60,2
100,80,2
100,100,2
100,120,2
100,140,2
100,160,2
100,180,2
100,200,2
100,220,2
100,240,2
100,260,2
100,280,2
100,300,2
100,320,2
100,340,2
100,360,2
100,380,2
100,400,2
100,420,2
100,440,2
100,460,2
100,480,2
100,500,2
100,520,2
100,540,2
100,560,2
100,580,2
100,600,2
100,620,2
100,640,2
100,660,2
100,680,2
100,700,2
100,720,2
100,740,2
100,760,2
100,780,2
100,800,2
100,820,2
100,840,2
100,860,2
100,880,2
100,900,2
100,920,2
100,940,2
100,960,2
100,980,2
100,1000,2
100,1020,2
100,1040,2
100,1060,2
100,1080,2
100,1100,2
100,1120,2
100,1140,2
100,1160,1
100,1180,2
100,1200,2
100,1220,2
100,1240,2
100,1260,2
100,1280,1
100,1300,2
100,1320,2
100,1340,2
100,1360,2
100,1380,2
100,1400,2
100,1420,2
100,1440,2
100,1460,2
100,1480,2
100,1500,2
100,1520,2
100,1540,1
100,1560,1
100,1580,1
120,0,1
120,20,2
120,40,2
120,60,2
120,80,2
120,100,2
120,120,2
120,140,2
120,160,2
120,180,2
120,200,2
120,220,2
120,240,2
120,260,2
120,280,2
120,300,2
120,320,2
120,340,2
120,360,2
120,380,2
120,400,2
120,420,2
120,440,1
120,460,1
120,480,1
120,500,1
120,520,1
120,540,2
120,560,2
120,580,2
120,600,2
120,620,2
120,640,2
120,660,2
120,680,2
120,700,2
120,720,2
120,740,2
120,760,2
120,780,2
120,800,2
120,820,2
120,840,2
120,860,2
120,880,2
120,900,2
120,920,2
120,940,2
120,960,2
120,980,2
120,1000,2
120,1020,2
120,1040,2
120,1060,2
120,1080,2
120,1100,2
120,1120,2
120,1140,2
120,1160,2
120,1180,2
120,1200,2
120,1220,2
120,1240,2
120,1260,2
120,1280,2
120,1300,2
120,1320,2
120,1340,2
120,1360,2
120,1380,2
120,1400,2
120,1420,2
120,1440,2
120,1460,2
120,1480,2
120,1500,2
120,1520,2
120,1540,1
120,1560,1
120,1580,1
140,0,1
140,20,2
140,40,2
140,60,2
140,80,2
140,100,2
140,120,2
140,140,2
140,160,2
140,180,2
140,200,2
140,220,2
140,240,2
140,260,2
140,280,2
140,300,2
140,320,2
140,340,2
140,360,2
140,380,1
140,400,1
140,420,1
140,440,1
140,460,1
140,480,1
140,500,1
140,520,1
140,540,1
140,560,1
140,580,2
140,600,2
140,620,2
140,640,2
140,660,2
140,680,2
140,700,2
140,720,2
140,740,2
140,760,2
140,780,2
140,800,2
140,820,2
140,840,2
140,860,2
140,880,2
140,900,1
140,920,2
140,940,2
140,960,2
140,980,2
140,1000,2
140,1020,2
140,1040,2
140,1060,2
140,1080,2
140,1100,2
140,1120,2
140,1140,2
140,1160,2
140,1180,2
140,1200,2
140,1220,2
140,1240,2
140,1260,2
140,1280,1
140,1300,2
140,1320,2
140,1340,2
140,1360,2
140,1380,2
140,1400,2
140,1420,2
140,1440,2
140,1460,2
140,1480,2
140,1500,2
140,1520,2
140,1540,1
140,1560,1
140,1580,1
160,0,1
160,20,2
160,40,2
160,60,2
160,80,2
160,100,2
160,120,2
160,140,2
160,160,2
160,180,2
160,200,2
160,220,2
160,240,2
160,260,2
160,280,2
160,300,2
160,320,2
160,340,2
160,360,2
160,380,2
160,400,2
160,420,2
160,440,2
160,460,3
160,480,1
160,500,1
160,520,1
160,540,2
160,560,2
160,580,2
160,600,2
160,620,2
160,640,2
160,660,2
160,680,2
160,700,2
160,720,2
160,740,2
160,760,2
160,780,1
160,800,2
160,820,2
160,840,2
160,860,2
160,880,2
160,900,2
160,920,2
160,940,2
160,960,2
160,980,2
160,1000,2
160,1020,2
160,1040,2
160,1060,2
160,1080,2
160,1100,2
160,1120,2
160,1140,2
160,1160,2
160,1180,2
160,1200,2
160,1220,2
160,1240,2
160,1260,2
160,1280,2
160,1300,2
160,1320,2
160,1340,2
160,1360,2
160,1380,1
160,1400,2
160,1420,2
160,1440,2
160,1460,2
160,1480,2
160,1500,2
160,1520,2
160,1540,1
160,1560,1
160,1580,1
180,0,1
180,20,1
180,40,2
180,60,2
180,80,2
180,100,2
180,120,2
180,140,1
180,160,2
180,180,2
180,200,2
180,220,2
180,240,2
180,260,2
180,280,2
180,300,2
180,320,2
180,340,2
180,360,2
180,380,2
180,400,2
180,420,2
180,440,2
180,460,3
180,480,1
180,500,1
180,520,1
180,540,2
180,560,2
180,580,2
180,600,2
180,620,2
180,640,2
180,660,2
180,680,2
180,700,2
180,720,2
180,740,1
180,760,2
180,780,1
180,800,2
180,820,2
180,840,2
180,860,2
180,880,2
180,900,2
180,920,2
180,940,2
180,960,2
180,980,2
180,1000,2
180,1020,2
180,1040,2
180,1060,2
180,1080,2
180,1100,2
180,1120,2
180,1140,2
180,1160,2
180,1180,2
180,1200,2
180,1220,2
180,1240,2
180,1260,2
180,1280,2
180,1300,2
180,1320,2
180,1340,2
180,1360,1
180,1380,2
180,1400,2
180,1420,2
180,1440,2
180,1460,2
180,1480,2
180,1500,2
180,1520,2
180,1540,1
180,1560,1
180,1580,1
200,0,1
200,20,1
200,40,1
200,60,2
200,80,2
200,100,2
200,120,2
200,140,2
200,160,2
200,180,2
200,200,2
200,220,2
200,240,2
200,260,2
200,280,2
200,300,2
200,320,2
200,340,2
200,360,2
200,380,2
200,400,2
200,420,2
200,440,2
200,460,2
200,480,1
200,500,1
200,520,1
200,540,2
200,560,2
200,580,2
200,600,2
200,620,2
200,640,2
200,660,2
200,680,2
200,700,2
200,720,1
200,740,2
200,760,2
200,780,2
200,800,2
200,820,2
200,840,2
200,860,2
200,880,2
200,900,2
200,920,2
200,940,2
200,960,2
200,980,2
200,1000,2
200,1020,2
200,1040,2
200,1060,2
200,1080,2
200,1100,2
200,1120,2
200,1140,2
200,1160,2
200,1180,2
200,1200,2
200,1220,2
200,1240,2
200,1260,2
200,1280,2
200,1300,2
200,1320,2
200,1340,2
200,1360,2
200,1380,2
200,1400,2
200,1420,2
200,1440,2
200,1460,2
200,1480,2
200,1500,2
200,1520,2
200,1540,1
200,1560,1
200,1580,1
220,0,1
220,20,1
220,40,1
220,60,2
220,80,2
220,100,2
220,120,2
220,140,2
220,160,2
220,180,2
220,200,2
220,220,2
220,240,2
220,260,2
220,280,2
220,300,2
220,320,2
220,340,2
220,360,2
220,380,2
220,400,2
220,420,2
220,440,2
220,460,2
220,480,1
220,500,1
220,520,1
220,540,2
220,560,2
220,580,2
220,600,2
220,620,2
220,640,2
220,660,2
220,680,2
220,700,2
220,720,1
220,740,2
220,760,2
220,780,2
220,800,2
220,820,2
220,840,2
220,860,2
220,880,2
220,900,2
220,920,2
220,940,2
220,960,2
220,980,2
220,1000,2
220,1020,2
220,1040,2
220,1060,2
220,1080,2
220,1100,2
220,1120,2
220,1140,2
220,1160,2
220,1180,2
220,1200,2
220,1220,2
220,1240,2
220,1260,2
220,1280,2
220,1300,2
220,1320,2
220,1340,2
220,1360,2
220,1380,2
220,1400,2
220,1420,2
220,1440,1
220,1460,2
220,1480,2
220,1500,2
220,1520,2
220,1540,1
220,1560,1
220,1580,1
240,0,1
240,20,1
240,40,1
240,60,2
240,80,2
240,100,2
240,120,2
240,140,2
240,160,2
240,180,2
240,200,2
240,220,2
240,240,2
240,260,2
240,280,2
240,300,2
240,320,2
240,340,2
240,360,2
240,380,2
240,400,1
240,420,1
240,440,2
240,460,2
240,480,1
240,500,1
240,520,1
240,540,2
240,560,2
240,580,2
240,600,2
240,620,2
240,640,2
240,660,2
240,680,2
240,700,1
240,720,1
240,740,2
240,760,2
240,780,2
240,800,2
240,820,2
240,840,2
240,860,2
240,880,2
240,900,2
240,920,2
240,940,2
240,960,2
240,980,2
240,1000,2
240,1020,2
240,1040,2
240,1060,2
240,1080,2
240,1100,2
240,1120,2
240,1140,2
240,1160,2
240,1180,2
240,1200,2
240,1220,2
240,1240,2
240,1260,2
240,1280,2
240,1300,2
240,1320,2
240,1340,2
240,1360,2
240,1380,2
240,1400,2
240,1420,2
240,1440,2
240,1460,2
240,1480,2
240,1500,2
240,1520,2
240,1540,1
240,1560,1
240,1580,1
260,0,1
260,20,1
260,40,1
260,60,2
260,80,2
260,100,2
260,120,2
260,140,2
260,160,2
260,180,2
260,200,2
260,220,2
260,240,2
260,260,2
260,280,2
260,300,2
260,320,1
260,340,2
260,360,2
260,380,2
260,400,1
260,420,1
260,440,2
260,460,2
260,480,1
260,500,1
260,520,1
260,540,1
260,560,2
260,580,2
260,600,2
260,620,2
260,640,2
260,660,2
260,680,1
260,700,1
260,720,1
260,740,2
260,760,2
260,780,2
260,800,2
260,820,2
260,840,2
260,860,2
260,880,2
260,900,2
260,920,2
260,940,2
260,960,2
260,980,2
260,1000,2
260,1020,2
260,1040,2
260,1060,2
260,1080,2
260,1100,2
260,1120,2
260,1140,2
260,1160,2
260,1180,2
260,1200,2
260,1220,2
260,1240,2
260,1260,2
260,1280,2
260,1300,2
260,1320,2
260,1340,2
260,1360,2
260,1380,2
260,1400,2
260,1420,2
260,1440,2
260,1460,2
260,1480,2
260,1500,2
260,1520,1
260,1540,1
260,1560,1
260,1580,1
280,0,1
280,20,1
280,40,1
280,60,2
280,80,2
280,100,2
280,120,2
280,140,2
280,160,2
280,180,2
280,200,2
280,220,2
280,240,2
280,260,2
280,280,2
280,300,2
280,320,2
280,340,1
280,360,2
280,380,2
280,400,2
280,420,2
280,440,2
280,460,2
280,480,1
280,500,1
280,520,1
280,540,1
280,560,1
280,580,1
280,600,1
280,620,2
280,640,2
280,660,1
280,680,1
280,700,1
280,720,1
280,740,2
280,760,2
280,780,2
280,800,2
280,820,2
280,840,2
280,860,2
280,880,2
280,900,2
280,920,2
280,940,2
280,960,2
280,980,2
280,1000,2
280,1020,2
280,1040,2
280,1060,2
280,1080,2
280,1100,2
280,1120,2
280,1140,2
280,1160,2
280,1180,2
280,1200,2
280,1220,2
280,1240,2
280,1260,2
280,1280,2
280,1300,2
280,1320,2
280,1340,2
280,1360,2
280,1380,2
280,1400,2
280,1420,2
280,1440,2
280,1460,2
280,1480,2
280,1500,2
280,1520,2
280,1540,2
280,1560,1
280,1580,1
300,0,1
300,20,1
300,40,1
300,60,2
300,80,2
300,100,2
300,120,2
300,140,2
300,160,2
300,180,2
300,200,2
300,220,2
300,240,2
300,260,2
300,280,2
300,300,2
300,320,2
300,340,2
300,360,2
300,380,2
300,400,2
300,420,2
300,440,2
300,460,2
300,480,1
300,500,1
300,520,1
300,540,1
300,560,1
300,580,1
300,600,1
300,620,1
300,640,1
300,660,1
300,680,1
300,700,1
300,720,1
300,740,2
300,760,2
300,780,2
300,800,2
300,820,2
300,840,2
300,860,2
300,880,2
300,900,2
300,920,2
300,940,2
300,960,2
300,980,2
300,1000,2
300,1020,1
300,1040,1
300,1060,2
300,1080,2
300,1100,1
300,1120,1
300,1140,1
300,1160,2
300,1180,2
300,1200,2
300,1220,2
300,1240,2
300,1260,2
300,1280,2
300,1300,2
300,1320,2
300,1340,2
300,1360,2
300,1380,2
300,1400,2
300,1420,2
300,1440,2
300,1460,2
300,1480,2
300,1500,2
300,1520,2
300,1540,2
300,1560,1
300,1580,1
320,0,1
320,20,1
320,40,1
320,60,2
320,80,2
320,100,2
320,120,2
320,140,2
320,160,1
320,180,1
320,200,2
320,220,2
320,240,2
320,260,2
320,280,1
320,300,2
320,320,2
320,340,2
320,360,2
320,380,2
320,400,2
320,420,2
320,440,2
320,460,2
320,480,1
320,500,1
320,520,1
320,540,1
320,560,1
320,580,1
320,600,1
320,620,1
320,640,1
320,660,1
320,680,1
320,700,1
320,720,1
320,740,2
320,760,2
320,780,2
320,800,2
320,820,2
320,840,1
320,860,1
320,880,1
320,900,1
320,920,1
320,940,1
320,960,1
320,980,1
320,1000,1
320,1020,1
320,1040,1
320,1060,1
320,1080,1
320,1100,1
320,1120,1
320,1140,2
320,1160,1
320,1180,2
320,1200,2
320,1220,2
320,1240,2
320,1260,2
320,1280,2
320,1300,2
320,1320,2
320,1340,2
320,1360,1
320,1380,1
320,1400,2
320,1420,2
320,1440,2
320,1460,2
320,1480,2
320,1500,2
320,1520,2
320,1540,2
320,1560,1
320,1580,1
340,0,1
340,20,1
340,40,1
340,60,2
340,80,2
340,100,2
340,120,2
340,140,2
340,160,2
340,180,2
340,200,2
340,220,2
340,240,2
340,260,2
340,280,1
340,300,2
340,320,2
340,340,2
340,360,2
340,380,2
340,400,2
340,420,2
340,440,2
340,460,2
340,480,1
340,500,1
340,520,1
340,540,1
340,560,1
340,580,1
340,600,1
340,620,1
340,640,1
340,660,1
340,680,1
340,700,1
340,720,2
340,740,2
340,760,2
340,780,2
340,800,2
340,820,2
340,840,2
340,860,2
340,880,2
340,900,1
340,920,1
340,940,1
340,960,3
340,980,1
340,1000,1
340,1020,1
340,1040,1
340,1060,1
340,1080,1
340,1100,1
340,1120,1
340,1140,2
340,1160,2
340,1180,1
340,1200,1
340,1220,2
340,1240,2
340,1260,2
340,1280,2
340,1300,2
340,1320,2
340,1340,2
340,1360,2
340,1380,2
340,1400,2
340,1420,2
340,1440,1
340,1460,2
340,1480,2
340,1500,1
340,1520,2
340,1540,2
340,1560,1
340,1580,1
360,0,1
360,20,1
360,40,1
360,60,2
360,80,2
360,100,2
360,120,2
360,140,2
360,160,2
360,180,2
360,200,2
360,220,2
360,240,2
360,260,2
360,280,2
360,300,1
360,320,2
360,340,2
360,360,2
360,380,2
360,400,2
360,420,2
360,440,2
360,460,2
360,480,2
360,500,2
360,520,2
360,540,2
360,560,2
360,580,2
360,600,2
360,620,2
360,640,2
360,660,2
360,680,2
360,700,2
360,720,2
360,740,2
360,760,2
360,780,2
360,800,2
360,820,2
360,840,2
360,860,2
360,880,2
360,900,2
360,920,2
360,940,2
360,960,2
360,980,2
360,1000,2
360,1020,2
360,1040,2
360,1060,2
360,1080,1
360,1100,1
360,1120,1
360,1140,2
360,1160,1
360,1180,2
360,1200,2
360,1220,2
360,1240,2
360,1260,2
360,1280,2
360,1300,2
360,1320,2
360,1340,2
360,1360,2
360,1380,2
360,1400,2
360,1420,2
360,1440,2
360,1460,2
360,1480,2
360,1500,2
360,1520,2
360,1540,1
360,1560,1
360,1580,1
380,0,1
380,20,1
380,40,1
380,60,2
380,80,2
380,100,2
380,120,2
380,140,2
380,160,2
380,180,2
380,200,2
380,220,2
380,240,2
380,260,2
380,280,2
380,300,1
380,320,2
380,340,2
380,360,2
380,380,2
380,400,2
380,420,2
380,440,2
380,460,2
380,480,1
380,500,1
380,520,1
380,540,1
380,560,2
380,580,1
380,600,1
380,620,1
380,640,1
380,660,1
380,680,1
380,700,1
380,720,1
380,740,1
380,760,2
380,780,2
380,800,2
380,820,2
380,840,2
380,860,2
380,880,2
380,900,2
380,920,2
380,940,2
380,960,2
380,980,2
380,1000,2
380,1020,2
380,1040,2
380,1060,2
380,1080,2
380,1100,2
380,1120,1
380,1140,2
380,1160,1
380,1180,2
380,1200,2
380,1220,2
380,1240,2
380,1260,2
380,1280,2
380,1300,2
380,1320,2
380,1340,2
380,1360,2
380,1380,2
380,1400,2
380,1420,2
380,1440,2
380,1460,2
380,1480,2
380,1500,2
380,1520,2
380,1540,2
380,1560,1
380,1580,1
400,0,1
400,20,1
400,40,1
400,60,2
400,80,2
400,100,2
400,120,2
400,140,2
400,160,2
400,180,2
400,200,2
400,220,2
400,240,2
400,260,2
400,280,2
400,300,1
400,320,2
400,340,2
400,360,2
400,380,2
400,400,2
400,420,2
400,440,2
400,460,2
400,480,2
400,500,2
400,520,2
400,540,2
400,560,2
400,580,2
400,600,2
400,620,1
400,640,1
400,660,1
400,680,1
400,700,1
400,720,1
400,740,1
400,760,2
400,780,2
400,800,2
400,820,2
400,840,2
400,860,2
400,880,2
400,900,2
400,920,2
400,940,2
400,960,2
400,980,2
400,1000,2
400,1020,2
400,1040,2
400,1060,2
400,1080,2
400,1100,2
400,1120,2
400,1140,1
400,1160,1
400,1180,2
400,1200,2
400,1220,2
400,1240,2
400,1260,2
400,1280,2
400,1300,2
400,1320,2
400,1340,2
400,1360,2
400,1380,2
400,1400,2
400,1420,2
400,1440,2
400,1460,2
400,1480,2
400,1500,2
400,1520,2
400,1540,2
400,1560,1
400,1580,1
420,0,1
420,20,1
420,40,1
420,60,2
420,80,2
420,100,2
420,120,2
420,140,2
420,160,2
420,180,2
420,200,2
420,220,2
420,240,2
420,260,2
420,280,2
420,300,2
420,320,2
420,340,2
420,360,2
420,380,2
420,400,2
420,420,2
420,440,2
420,460,2
420,480,2
420,500,2
420,520,2
420,540,2
420,560,2
420,580,2
420,600,2
420,620,2
420,640,2
420,660,2
420,680,2
420,700,2
420,720,2
420,740,2
420,760,2
420,780,2
420,800,2
420,820,2
420,840,2
420,860,2
420,880,2
420,900,2
420,920,2
420,940,2
420,960,2
420,980,2
420,1000,2
420,1020,2
420,1040,2
420,1060,2
420,1080,2
420,1100,2
420,1120,2
420,1140,2
420,1160,2
420,1180,2
420,1200,2
420,1220,2
420,1240,2
420,1260,2
420,1280,2
420,1300,2
420,1320,2
420,1340,2
420,1360,2
420,1380,2
420,1400,2
420,1420,2
420,1440,2
420,1460,2
420,1480,2
420,1500,2
420,1520,2
420,1540,2
420,1560,1
420,1580,1
440,0,1
440,20,1
440,40,1
440,60,2
440,80,2
440,100,2
440,120,2
440,140,2
440,160,2
440,180,2
440,200,2
440,220,2
440,240,2
440,260,2
440,280,1
440,300,1
440,320,2
440,340,2
440,360,2
440,380,2
440,400,1
440,420,1
440,440,2
440,460,2
440,480,2
440,500,2
440,520,2
440,540,2
440,560,2
440,580,2
440,600,2
440,620,2
440,640,2
440,660,2
440,680,2
440,700,2
440,720,2
440,740,2
440,760,2
440,780,2
440,800,2
440,820,2
440,840,2
440,860,2
440,880,2
440,900,2
440,920,2
440,940,2
440,960,2
440,980,2
440,1000,2
440,1020,2
440,1040,2
440,1060,2
440,1080,2
440,1100,2
440,1120,2
440,1140,1
440,1160,2
440,1180,2
440,1200,2
440,1220,2
440,1240,2
440,1260,2
440,1280,2
440,1300,2
440,1320,2
440,1340,2
440,1360,2
440,1380,2
440,1400,2
440,1420,2
440,1440,2
440,1460,2
440,1480,2
440,1500,2
440,1520,2
440,1540,2
440,1560,1
440,1580,1
460,0,1
460,20,1
460,40,1
460,60,2
460,80,2
460,100,2
460,120,2
460,140,2
460,160,2
460,180,2
460,200,2
460,220,2
460,240,2
460,260,2
460,280,2
460,300,2
460,320,2
460,340,2
460,360,2
460,380,2
460,400,2
460,420,2
460,440,2
460,460,2
460,480,2
460,500,2
460,520,2
460,540,2
460,560,2
460,580,2
460,600,2
460,620,2
460,640,2
460,660,2
460,680,2
460,700,2
460,720,2
460,740,2
460,760,2
460,780,2
460,800,2
460,820,2
460,840,2
460,860,1
460,880,1
460,900,1
460,920,2
460,940,2
460,960,2
460,980,2
460,1000,1
460,1020,1
460,1040,3
460,1060,2
460,1080,2
460,1100,2
460,1120,2
460,1140,2
460,1160,2
460,1180,2
460,1200,2
460,1220,2
460,1240,2
460,1260,2
460,1280,2
460,1300,2
460,1320,2
460,1340,2
460,1360,2
460,1380,2
460,1400,2
460,1420,2
460,1440,2
460,1460,2
460,1480,2
460,1500,2
460,1520,2
460,1540,2
460,1560,1
460,1580,1
480,0,1
480,20,1
480,40,1
480,60,2
480,80,2
480,100,2
480,120,2
480,140,2
480,160,2
480,180,2
480,200,2
480,220,2
480,240,2
480,260,2
480,280,2
480,300,2
480,320,2
480,340,2
480,360,2
480,380,2
480,400,2
480,420,2
480,440,2
480,460,2
480,480,1
480,500,1
480,520,1
480,540,1
480,560,1
480,580,1
480,600,1
480,620,1
480,640,1
480,660,2
480,680,2
480,700,2
480,720,2
480,740,2
480,760,2
480,780,2
480,800,2
480,820,2
480,840,1
480,860,1
480,880,1
480,900,1
480,920,2
480,940,2
480,960,1
480,980,1
480,1000,1
480,1020,1
480,1040,1
480,1060,1
480,1080,1
480,1100,2
480,1120,2
480,1140,1
480,1160,1
480,1180,2
480,1200,2
480,1220,2
480,1240,2
480,1260,2
480,1280,2
480,1300,2
480,1320,2
480,1340,2
480,1360,2
480,1380,2
480,1400,2
480,1420,2
480,1440,2
480,1460,2
480,1480,2
480,1500,2
480,1520,2
480,1540,2
480,1560,1
480,1580,1
500,0,1
500,20,1
500,40,1
500,60,2
500,80,2
500,100,2
500,120,2
500,140,2
500,160,2
500,180,2
500,200,2
500,220,2
500,240,2
500,260,2
500,280,2
500,300,2
500,320,2
500,340,2
500,360,2
500,380,2
500,400,2
500,420,2
500,440,2
500,460,1
500,480,1
500,500,1
500,520,1
500,540,1
500,560,1
500,580,1
500,600,1
500,620,1
500,640,1
500,660,1
500,680,1
500,700,1
500,720,2
500,740,2
500,760,2
500,780,2
500,800,2
500,820,2
500,840,2
500,860,2
500,880,1
500,900,1
500,920,1
500,940,1
500,960,1
500,980,1
500,1000,1
500,1020,1
500,1040,1
500,1060,2
500,1080,2
500,1100,2
500,1120,2
500,1140,2
500,1160,1
500,1180,2
500,1200,2
500,1220,2
500,1240,2
500,1260,2
500,1280,2
500,1300,2
500,1320,2
500,1340,2
500,1360,2
500,1380,2
500,1400,2
500,1420,2
500,1440,2
500,1460,2
500,1480,2
500,1500,2
500,1520,1
500,1540,1
500,1560,1
500,1580,1
520,0,1
520,20,1
520,40,1
520,60,2
520,80,2
520,100,2
520,120,2
520,140,2
520,160,1
520,180,2
520,200,2
520,220,2
520,240,2
520,260,2
520,280,2
520,300,2
520,320,2
520,340,2
520,360,2
520,380,2
520,400,2
520,420,2
520,440,2
520,460,1
520,480,1
520,500,1
520,520,1
520,540,1
520,560,1
520,580,1
520,600,1
520,620,1
520,640,1
520,660,1
520,680,1
520,700,2
520,720,2
520,740,2
520,760,2
520,780,1
520,800,1
520,820,2
520,840,2
520,860,2
520,880,2
520,900,2
520,920,2
520,940,2
520,960,1
520,980,1
520,1000,1
520,1020,1
520,1040,1
520,1060,2
520,1080,2
520,1100,2
520,1120,2
520,1140,2
520,1160,1
520,1180,2
520,1200,2
520,1220,2
520,1240,2
520,1260,2
520,1280,2
520,1300,2
520,1320,2
520,1340,2
520,1360,2
520,1380,2
520,1400,2
520,1420,2
520,1440,2
520,1460,2
520,1480,2
520,1500,2
520,1520,1
520,1540,1
520,1560,1
520,1580,1
540,0,1
540,20,1
540,40,1
540,60,2
540,80,2
540,100,2
540,120,2
540,140,2
540,160,2
540,180,2
540,200,2
540,220,2
540,240,2
540,260,2
540,280,2
540,300,2
540,320,2
540,340,2
540,360,2
540,380,2
540,400,2
540,420,2
540,440,2
540,460,1
540,480,1
540,500,1
540,520,1
540,540,1
540,560,1
540,580,2
540,600,2
540,620,2
540,640,2
540,660,2
540,680,2
540,700,2
540,720,2
540,740,2
540,760,2
540,780,2
540,800,1
540,820,1
540,840,2
540,860,2
540,880,2
540,900,2
540,920,2
540,940,2
540,960,2
540,980,2
540,1000,1
540,1020,1
540,1040,1
540,1060,1
540,1080,2
540,1100,2
540,1120,2
540,1140,2
540,1160,2
540,1180,2
540,1200,2
540,1220,2
540,1240,2
540,1260,2
540,1280,2
540,1300,2
540,1320,2
540,1340,2
540,1360,2
540,1380,2
540,1400,2
540,1420,2
540,1440,2
540,1460,2
540,1480,2
540,1500,2
540,1520,2
540,1540,2
540,1560,1
540,1580,1
560,0,1
560,20,1
560,40,2
560,60,2
560,80,2
560,100,2
560,120,2
560,140,2
560,160,2
560,180,2
560,200,2
560,220,2
560,240,2
560,260,2
560,280,2
560,300,2
560,320,2
560,340,2
560,360,2
560,380,2
560,400,2
560,420,2
560,440,2
560,460,1
560,480,1
560,500,1
560,520,1
560,540,1
560,560,1
560,580,2
560,600,2
560,620,2
560,640,2
560,660,2
560,680,2
560,700,2
560,720,2
560,740,2
560,760,2
560,780,2
560,800,2
560,820,2
560,840,2
560,860,2
560,880,2
560,900,1
560,920,2
560,940,2
560,960,2
560,980,2
560,1000,1
560,1020,1
560,1040,1
560,1060,1
560,1080,2
560,1100,2
560,1120,2
560,1140,2
560,1160,2
560,1180,2
560,1200,2
560,1220,2
560,1240,2
560,1260,2
560,1280,2
560,1300,2
560,1320,2
560,1340,2
560,1360,2
560,1380,2
560,1400,2
560,1420,2
560,1440,2
560,1460,2
560,1480,2
560,1500,2
560,1520,2
560,1540,2
560,1560,1
560,1580,1
580,0,1
580,20,1
580,40,2
580,60,2
580,80,2
580,100,2
580,120,2
580,140,2
580,160,2
580,180,2
580,200,2
580,220,2
580,240,2
580,260,2
580,280,2
580,300,2
580,320,2
580,340,2
580,360,2
580,380,2
580,400,2
580,420,2
580,440,2
580,460,1
580,480,1
580,500,1
580,520,1
580,540,1
580,560,2
580,580,2
580,600,2
580,620,2
580,640,2
580,660,2
580,680,2
580,700,2
580,720,2
580,740,1
580,760,2
580,780,2
580,800,2
580,820,2
580,840,2
580,860,2
580,880,2
580,900,2
580,920,2
580,940,2
580,960,2
580,980,2
580,1000,2
580,1020,2
580,1040,1
580,1060,2
580,1080,2
580,1100,2
580,1120,2
580,1140,2
580,1160,2
580,1180,2
580,1200,2
580,1220,2
580,1240,2
580,1260,2
580,1280,2
580,1300,1
580,1320,2
580,1340,2
580,1360,2
580,1380,2
580,1400,2
580,1420,2
580,1440,2
580,1460,2
580,1480,2
580,1500,2
580,1520,2
580,1540,2
580,1560,1
580,1580,1
600,0,1
600,20,1
600,40,2
600,60,2
600,80,2
600,100,2
600,120,2
600,140,2
600,160,2
600,180,2
600,200,2
600,220,2
600,240,2
600,260,2
600,280,2
600,300,2
600,320,2
600,340,2
600,360,2
600,380,2
600,400,2
600,420,2
600,440,2
600,460,1
600,480,1
600,500,1
600,520,1
600,540,1
600,560,2
600,580,2
600,600,2
600,620,2
600,640,2
600,660,2
600,680,2
600,700,2
600,720,1
600,740,1
600,760,2
600,780,2
600,800,2
600,820,2
600,840,2
600,860,2
600,880,2
600,900,2
600,920,2
600,940,2
600,960,2
600,980,2
600,1000,2
600,1020,2
600,1040,2
600,1060,2
600,1080,2
600,1100,2
600,1120,2
600,1140,2
600,1160,2
600,1180,2
600,1200,2
600,1220,2
600,1240,2
600,1260,2
600,1280,2
600,1300,2
600,1320,2
600,1340,2
600,1360,2
600,1380,2
600,1400,2
600,1420,2
600,1440,2
600,1460,2
600,1480,2
600,1500,2
600,1520,2
600,1540,2
600,1560,1
600,1580,1
620,0,1
620,20,1
620,40,1
620,60,2
620,80,2
620,100,2
620,120,2
620,140,2
620,160,2
620,180,2
620,200,2
620,220,2
620,240,2
620,260,2
620,280,2
620,300,2
620,320,2
620,340,2
620,360,2
620,380,2
620,400,2
620,420,2
620,440,2
620,460,1
620,480,1
620,500,1
620,520,1
620,540,2
620,560,2
620,580,2
620,600,2
620,620,2
620,640,2
620,660,2
620,680,2
620,700,2
620,720,1
620,740,2
620,760,2
620,780,2
620,800,2
620,820,2
620,840,2
620,860,2
620,880,2
620,900,2
620,920,2
620,940,2
620,960,2
620,980,2
620,1000,2
620,1020,2
620,1040,2
620,1060,2
620,1080,2
620,1100,2
620,1120,2
620,1140,2
620,1160,2
620,1180,2
620,1200,2
620,1220,2
620,1240,2
620,1260,2
620,1280,1
620,1300,2
620,1320,2
620,1340,2
620,1360,2
620,1380,2
620,1400,2
620,1420,2
620,1440,2
620,1460,2
620,1480,2
620,1500,2
620,1520,2
620,1540,2
620,1560,1
620,1580,1
640,0,1
640,20,1
640,40,2
640,60,2
640,80,2
640,100,2
640,120,2
640,140,2
640,160,2
640,180,2
640,200,2
640,220,2
640,240,2
640,260,2
640,280,2
640,300,2
640,320,2
640,340,2
640,360,2
640,380,2
640,400,2
640,420,2
640,440,2
640,460,1
640,480,1
640,500,1
640,520,1
640,540,2
640,560,2
640,580,2
640,600,2
640,620,2
640,640,2
640,660,2
640,680,2
640,700,2
640,720,2
640,740,2
640,760,2
640,780,2
640,800,2
640,820,2
640,840,2
640,860,2
640,880,2
640,900,2
640,920,2
640,940,2
640,960,2
640,980,2
640,1000,2
640,1020,2
640,1040,2
640,1060,2
640,1080,2
640,1100,2
640,1120,2
640,1140,2
640,1160,2
640,1180,2
640,1200,2
640,1220,2
640,1240,2
640,1260,2
640,1280,2
640,1300,2
640,1320,2
640,1340,2
640,1360,2
640,1380,2
640,1400,2
640,1420,2
640,1440,2
640,1460,2
640,1480,2
640,1500,2
640,1520,2
640,1540,2
640,1560,1
640,1580,1
660,0,1
660,20,1
660,40,2
660,60,2
660,80,2
660,100,2
660,120,2
660,140,2
660,160,2
660,180,2
660,200,2
660,220,2
660,240,2
660,260,2
660,280,2
660,300,2
660,320,2
660,340,2
660,360,2
660,380,2
660,400,2
660,420,2
660,440,2
660,460,1
660,480,1
660,500,1
660,520,1
660,540,2
660,560,2
660,580,2
660,600,2
660,620,2
660,640,2
660,660,2
660,680,2
660,700,2
660,720,2
660,740,2
660,760,2
660,780,2
660,800,2
660,820,2
660,840,2
660,860,2
660,880,2
660,900,2
660,920,2
660,940,2
660,960,2
660,980,2
660,1000,2
660,1020,2
660,1040,2
660,1060,2
660,1080,2
660,1100,2
660,1120,2
660,1140,2
660,1160,2
660,1180,2
660,1200,2
660,1220,2
660,1240,2
660,1260,2
660,1280,2
660,1300,2
660,1320,2
660,1340,2
660,1360,2
660,1380,2
660,1400,2
660,1420,2
660,1440,2
660,1460,2
660,1480,2
660,1500,2
660,1520,2
660,1540,2
660,1560,1
660,1580,1
680,0,1
680,20,1
680,40,2
680,60,2
680,80,2
680,100,2
680,120,2
680,140,2
680,160,2
680,180,2
680,200,2
680,220,2
680,240,2
680,260,2
680,280,2
680,300,2
680,320,2
680,340,2
680,360,2
680,380,2
680,400,2
680,420,2
680,440,2
680,460,1
680,480,1
680,500,1
680,520,1
680,540,2
680,560,2
680,580,2
680,600,2
680,620,2
680,640,2
680,660,2
680,680,2
680,700,2
680,720,2
680,740,2
680,760,2
680,780,2
680,800,2
680,820,2
680,840,2
680,860,2
680,880,2
680,900,2
680,920,2
680,940,2
680,960,2
680,980,2
680,1000,2
680,1020,2
680,1040,2
680,1060,2
680,1080,2
680,1100,2
680,1120,2
680,1140,2
680,1160,2
680,1180,2
680,1200,2
680,1220,2
680,1240,2
680,1260,2
680,1280,2
680,1300,2
680,1320,2
680,1340,2
680,1360,2
680,1380,2
680,1400,2
680,1420,2
680,1440,2
680,1460,2
680,1480,2
680,1500,2
680,1520,2
680,1540,2
680,1560,1
680,1580,1
700,0,1
700,20,1
700,40,2
700,60,2
700,80,2
700,100,2
700,120,2
700,140,2
700,160,2
700,180,2
700,200,2
700,220,2
700,240,2
700,260,2
700,280,2
700,300,2
700,320,2
700,340,2
700,360,2
700,380,2
700,400,2
700,420,2
700,440,2
700,460,1
700,480,1
700,500,1
700,520,1
700,540,2
700,560,2
700,580,2
700,600,2
700,620,2
700,640,2
700,660,2
700,680,2
700,700,2
700,720,2
700,740,2
700,760,2
700,780,2
700,800,2
700,820,2
700,840,2
700,860,2
700,880,2
700,900,2
700,920,2
700,940,2
700,960,2
700,980,2
700,1000,2
700,1020,2
700,1040,2
700,1060,2
700,1080,2
700,1100,2
700,1120,2
700,1140,2
700,1160,2
700,1180,2
700,1200,2
700,1220,2
700,1240,2
700,1260,2
700,1280,2
700,1300,2
700,1320,2
700,1340,2
700,1360,2
700,1380,2
700,1400,2
700,1420,2
700,1440,2
700,1460,2
700,1480,2
700,1500,2
700,1520,2
700,1540,2
700,1560,1
700,1580,1
720,0,1
720,20,1
720,40,2
720,60,2
720,80,2
720,100,2
720,120,2
720,140,2
720,160,2
720,180,2
720,200,2
720,220,2
720,240,2
720,260,2
720,280,2
720,300,2
720,320,2
720,340,2
720,360,2
720,380,2
720,400,2
720,420,2
720,440,2
720,460,1
720,480,1
720,500,1
720,520,1
720,540,2
720,560,2
720,580,2
720,600,2
720,620,2
720,640,2
720,660,2
720,680,2
720,700,2
720,720,2
720,740,2
720,760,2
720,780,2
720,800,2
720,820,2
720,840,2
720,860,2
720,880,2
720,900,2
720,920,2
720,940,2
720,960,2
720,980,2
720,1000,2
720,1020,2
720,1040,2
720,1060,2
720,1080,2
720,1100,2
720,1120,1
720,1140,2
720,1160,2
720,1180,2
720,1200,2
720,1220,2
720,1240,2
720,1260,2
720,1280,2
720,1300,2
720,1320,2
720,1340,2
720,1360,2
720,1380,2
720,1400,2
720,1420,2
720,1440,2
720,1460,2
720,1480,2
720,1500,2
720,1520,1
720,1540,1
720,1560,1
720,1580,1
740,0,1
740,20,1
740,40,2
740,60,2
740,80,2
740,100,2
740,120,2
740,140,2
740,160,2
740,180,1
740,200,1
740,220,2
740,240,2
740,260,2
740,280,2
740,300,2
740,320,2
740,340,2
740,360,2
740,380,2
740,400,2
740,420,2
740,440,2
740,460,1
740,480,1
740,500,1
740,520,1
740,540,1
740,560,1
740,580,2
740,600,2
740,620,2
740,640,2
740,660,2
740,680,2
740,700,2
740,720,2
740,740,2
740,760,2
740,780,2
740,800,2
740,820,2
740,840,2
740,860,2
740,880,2
740,900,2
740,920,2
740,940,2
740,960,2
740,980,2
740,1000,2
740,1020,2
740,1040,2
740,1060,2
740,1080,2
740,1100,2
740,1120,2
740,1140,2
740,1160,2
740,1180,2
740,1200,2
740,1220,2
740,1240,2
740,1260,2
740,1280,2
740,1300,2
740,1320,2
740,1340,2
740,1360,2
740,1380,2
740,1400,2
740,1420,2
740,1440,2
740,1460,2
740,1480,2
740,1500,2
740,1520,2
740,1540,1
740,1560,1
740,1580,1
760,0,1
760,20,1
760,40,1
760,60,2
760,80,2
760,100,2
760,120,2
760,140,2
760,160,2
760,180,2
760,200,2
760,220,2
760,240,2
760,260,2
760,280,2
760,300,2
760,320,2
760,340,2
760,360,2
760,380,2
760,400,2
760,420,2
760,440,2
760,460,2
760,480,2
760,500,2
760,520,2
760,540,2
760,560,2
760,580,2
760,600,2
760,620,2
760,640,2
760,660,2
760,680,2
760,700,2
760,720,2
760,740,2
760,760,2
760,780,2
760,800,2
760,820,2
760,840,2
760,860,2
760,880,2
760,900,2
760,920,2
760,940,2
760,960,2
760,980,2
760,1000,2
760,1020,2
760,1040,2
760,1060,2
760,1080,2
760,1100,2
760,1120,2
760,1140,2
760,1160,2
760,1180,2
760,1200,2
760,1220,2
760,1240,2
760,1260,2
760,1280,2
760,1300,2
760,1320,2
760,1340,2
760,1360,2
760,1380,2
760,1400,2
760,1420,2
760,1440,2
760,1460,2
760,1480,2
760,1500,2
760,1520,2
760,1540,1
760,1560,1
760,1580,1
780,0,1
780,20,1
780,40,1
780,60,2
780,80,2
780,100,2
780,120,2
780,140,2
780,160,2
780,180,2
780,200,2
780,220,2
780,240,2
780,260,2
780,280,2
780,300,2
780,320,2
780,340,2
780,360,2
780,380,2
780,400,2
780,420,2
780,440,2
780,460,2
780,480,2
780,500,2
780,520,2
780,540,2
780,560,2
780,580,2
780,600,2
780,620,2
780,640,2
780,660,2
780,680,2
780,700,2
780,720,2
780,740,2
780,760,2
780,780,2
780,800,2
780,820,2
780,840,2
780,860,2
780,880,2
780,900,2
780,920,2
780,940,2
780,960,2
780,980,2
780,1000,2
780,1020,2
780,1040,2
780,1060,2
780,1080,2
780,1100,2
780,1120,2
780,1140,2
780,1160,2
780,1180,2
780,1200,2
780,1220,2
780,1240,2
780,1260,2
780,1280,2
780,1300,2
780,1320,2
780,1340,2
780,1360,2
780,1380,2
780,1400,2
780,1420,2
780,1440,2
780,1460,2
780,1480,2
780,1500,2
780,1520,2
780,1540,1
780,1560,1
780,1580,1
800,0,1
800,20,1
800,40,1
800,60,2
800,80,2
800,100,2
800,120,2
800,140,2
800,160,2
800,180,2
800,200,1
800,220,2
800,240,2
800,260,2
800,280,2
800,300,2
800,320,2
800,340,2
800,360,2
800,380,2
800,400,2
800,420,2
800,440,2
800,460,2
800,480,2
800,500,1
800,520,1
800,540,1
800,560,1
800,580,2
800,600,2
800,620,2
800,640,2
800,660,2
800,680,2
800,700,2
800,720,2
800,740,2
800,760,2
800,780,2
800,800,2
800,820,2
800,840,2
800,860,2
800,880,2
800,900,2
800,920,2
800,940,2
800,960,2
800,980,2
800,1000,2
800,1020,2
800,1040,2
800,1060,2
800,1080,2
800,1100,2
800,1120,2
800,1140,2
800,1160,2
800,1180,2
800,1200,2
800,1220,2
800,1240,2
800,1260,2
800,1280,2
800,1300,2
800,1320,2
800,1340,2
800,1360,2
800,1380,2
800,1400,2
800,1420,2
800,1440,2
800,1460,2
800,1480,2
800,1500,2
800,1520,2
800,1540,1
800,1560,1
800,1580,1
820,0,1
820,20,1
820,40,1
820,60,2
820,80,2
820,100,2
820,120,2
820,140,2
820,160,2
820,180,2
820,200,1
820,220,2
820,240,2
820,260,2
820,280,2
820,300,2
820,320,2
820,340,2
820,360,2
820,380,2
820,400,2
820,420,2
820,440,2
820,460,2
820,480,2
820,500,1
820,520,1
820,540,2
820,560,2
820,580,2
820,600,2
820,620,1
820,640,2
820,660,2
820,680,2
820,700,2
820,720,2
820,740,2
820,760,2
820,780,2
820,800,2
820,820,2
820,840,2
820,860,2
820,880,2
820,900,2
820,920,2
820,940,2
820,960,2
820,980,2
820,1000,2
820,1020,2
820,1040,2
820,1060,2
820,1080,2
820,1100,2
820,1120,2
820,1140,2
820,1160,2
820,1180,2
820,1200,2
820,1220,2
820,1240,2
820,1260,2
820,1280,2
820,1300,2
820,1320,2
820,1340,2
820,1360,2
820,1380,2
820,1400,2
820,1420,2
820,1440,2
820,1460,2
820,1480,2
820,1500,2
820,1520,2
820,1540,1
820,1560,1
820,1580,1
840,0,1
840,20,1
840,40,1
840,60,2
840,80,2
840,100,2
840,120,2
840,140,2
840,160,2
840,180,2
840,200,2
840,220,2
840,240,2
840,260,1
840,280,2
840,300,2
840,320,2
840,340,2
840,360,2
840,380,1
840,400,2
840,420,2
840,440,1
840,460,2
840,480,2
840,500,1
840,520,1
840,540,2
840,560,2
840,580,2
840,600,2
840,620,2
840,640,2
840,660,2
840,680,2
840,700,2
840,720,2
840,740,2
840,760,2
840,780,2
840,800,2
840,820,2
840,840,2
840,860,2
840,880,2
840,900,2
840,920,2
840,940,2
840,960,2
840,980,2
840,1000,2
840,1020,1
840,1040,2
840,1060,2
840,1080,2
840,1100,2
840,1120,2
840,1140,2
840,1160,2
840,1180,2
840,1200,2
840,1220,2
840,1240,2
840,1260,2
840,1280,2
840,1300,2
840,1320,2
840,1340,2
840,1360,2
840,1380,2
840,1400,2
840,1420,2
840,1440,2
840,1460,2
840,1480,2
840,1500,2
840,1520,2
840,1540,1
840,1560,1
840,1580,1
860,0,1
860,20,1
860,40,1
860,60,1
860,80,2
860,100,2
860,120,2
860,140,2
860,160,2
860,180,2
860,200,2
860,220,2
860,240,2
860,260,2
860,280,1
860,300,2
860,320,2
860,340,2
860,360,2
860,380,2
860,400,2
860,420,2
860,440,2
860,460,2
860,480,2
860,500,1
860,520,2
860,540,2
860,560,2
860,580,2
860,600,2
860,620,2
860,640,2
860,660,2
860,680,1
860,700,2
860,720,2
860,740,2
860,760,2
860,780,2
860,800,2
860,820,2
860,840,2
860,860,2
860,880,2
860,900,2
860,920,2
860,940,2
860,960,2
860,980,2
860,1000,2
860,1020,2
860,1040,2
860,1060,2
860,1080,2
860,1100,2
860,1120,2
860,1140,2
860,1160,2
860,1180,2
860,1200,2
860,1220,2
860,1240,2
860,1260,2
860,1280,2
860,1300,2
860,1320,2
860,1340,2
860,1360,2
860,1380,2
860,1400,2
860,1420,2
860,1440,2
860,1460,2
860,1480,2
860,1500,2
860,1520,2
860,1540,1
860,1560,1
860,1580,1
880,0,1
880,20,1
880,40,1
880,60,1
880,80,2
880,100,2
880,120,2
880,140,2
880,160,2
880,180,2
880,200,2
880,220,2
880,240,2
880,260,2
880,280,2
880,300,2
880,320,2
880,340,2
880,360,2
880,380,2
880,400,2
880,420,2
880,440,2
880,460,2
880,480,1
880,500,2
880,520,2
880,540,2
880,560,2
880,580,2
880,600,2
880,620,2
880,640,1
880,660,2
880,680,1
880,700,1
880,720,2
880,740,2
880,760,2
880,780,2
880,800,2
880,820,2
880,840,2
880,860,2
880,880,2
880,900,2
880,920,2
880,940,2
880,960,2
880,980,2
880,1000,2
880,1020,2
880,1040,2
880,1060,2
880,1080,2
880,1100,2
880,1120,2
880,1140,2
880,1160,2
880,1180,2
880,1200,2
880,1220,2
880,1240,2
880,1260,2
880,1280,2
880,1300,2
880,1320,2
880,1340,2
880,1360,2
880,1380,2
880,1400,2
880,1420,2
880,1440,2
880,1460,2
880,1480,2
880,1500,1
880,1520,2
880,1540,2
880,1560,1
880,1580,1
900,0,1
900,20,1
900,40,1
900,60,2
900,80,2
900,100,2
900,120,2
900,140,2
900,160,2
900,180,2
900,200,2
900,220,2
900,240,2
900,260,2
900,280,2
900,300,2
900,320,2
900,340,2
900,360,2
900,380,2
900,400,2
900,420,2
900,440,1
900,460,1
900,480,2
900,500,2
900,520,2
900,540,2
900,560,2
900,580,2
900,600,2
900,620,2
900,640,1
900,660,2
900,680,1
900,700,1
900,720,2
900,740,2
900,760,2
900,780,2
900,800,2
900,820,2
900,840,2
900,860,2
900,880,2
900,900,2
900,920,2
900,940,2
900,960,2
900,980,2
900,1000,2
900,1020,2
900,1040,2
900,1060,2
900,1080,2
900,1100,1
900,1120,2
900,1140,2
900,1160,2
900,1180,2
900,1200,2
900,1220,2
900,1240,2
900,1260,2
900,1280,2
900,1300,2
900,1320,2
900,1340,2
900,1360,2
900,1380,2
900,1400,2
900,1420,2
900,1440,2
900,1460,2
900,1480,2
900,1500,1
900,1520,2
900,1540,2
900,1560,1
900,1580,1
920,0,1
920,20,1
920,40,2
920,60,2
920,80,2
920,100,2
920,120,2
920,140,2
920,160,2
920,180,2
920,200,2
920,220,2
920,240,2
920,260,2
920,280,2
920,300,2
920,320,2
920,340,2
920,360,2
920,380,2
920,400,2
920,420,2
920,440,2
920,460,2
920,480,2
920,500,2
920,520,2
920,540,2
920,560,2
920,580,2
920,600,2
920,620,2
920,640,2
920,660,2
920,680,1
920,700,1
920,720,2
920,740,2
920,760,2
920,780,2
920,800,2
920,820,2
920,840,2
920,860,2
920,880,2
920,900,2
920,920,2
920,940,2
920,960,2
920,980,2
920,1000,2
920,1020,2
920,1040,2
920,1060,2
920,1080,1
920,1100,1
920,1120,2
920,1140,2
920,1160,2
920,1180,2
920,1200,2
920,1220,2
920,1240,2
920,1260,2
920,1280,2
920,1300,2
920,1320,2
920,1340,2
920,1360,2
920,1380,2
920,1400,2
920,1420,2
920,1440,2
920,1460,2
920,1480,2
920,1500,1
920,1520,2
920,1540,2
920,1560,1
920,1580,1
940,0,1
940,20,1
940,40,2
940,60,2
940,80,1
940,100,1
940,120,2
940,140,2
940,160,2
940,180,2
940,200,2
940,220,2
940,240,2
940,260,2
940,280,2
940,300,2
940,320,2
940,340,2
940,360,2
940,380,2
940,400,2
940,420,2
940,440,2
940,460,2
940,480,2
940,500,2
940,520,2
940,540,2
940,560,2
940,580,2
940,600,2
940,620,2
940,640,2
940,660,2
940,680,1
940,700,2
940,720,2
940,740,2
940,760,2
940,780,2
940,800,2
940,820,2
940,840,2
940,860,2
940,880,1
940,900,2
940,920,2
940,940,2
940,960,2
940,980,2
940,1000,2
940,1020,2
940,1040,2
940,1060,2
940,1080,2
940,1100,2
940,1120,2
940,1140,2
940,1160,2
940,1180,2
940,1200,2
940,1220,2
940,1240,2
940,1260,2
940,1280,2
940,1300,1
940,1320,2
940,1340,2
940,1360,2
940,1380,2
940,1400,2
940,1420,2
940,1440,2
940,1460,2
940,1480,2
940,1500,1
940,1520,2
940,1540,2
940,1560,1
940,1580,1
960,0,1
960,20,1
960,40,1
960,60,1
960,80,1
960,100,2
960,120,2
960,140,2
960,160,2
960,180,2
960,200,2
960,220,2
960,240,2
960,260,2
960,280,2
960,300,2
960,320,2
960,340,2
960,360,2
960,380,2
960,400,2
960,420,2
960,440,2
960,460,2
960,480,2
960,500,2
960,520,2
960,540,2
960,560,2
960,580,2
960,600,2
960,620,2
960,640,2
960,660,2
960,680,1
960,700,2
960,720,2
960,740,2
960,760,2
960,780,2
960,800,2
960,820,2
960,840,2
960,860,2
960,880,2
960,900,2
960,920,2
960,940,2
960,960,2
960,980,2
960,1000,2
960,1020,2
960,1040,2
960,1060,2
960,1080,2
960,1100,2
960,1120,2
960,1140,2
960,1160,2
960,1180,2
960,1200,2
960,1220,2
960,1240,2
960,1260,2
960,1280,2
960,1300,2
960,1320,2
960,1340,2
960,1360,2
960,1380,2
960,1400,2
960,1420,2
960,1440,2
960,1460,2
960,1480,2
960,1500,1
960,1520,2
960,1540,2
960,1560,2
960,1580,1
980,0,1
980,20,1
980,40,2
980,60,2
980,80,2
980,100,2
980,120,2
980,140,2
980,160,2
980,180,1
980,200,1
980,220,2
980,240,2
980,260,2
980,280,2
980,300,2
980,320,2
980,340,2
980,360,2
980,380,2
980,400,2
980,420,2
980,440,2
980,460,2
980,480,2
980,500,2
980,520,2
980,540,2
980,560,2
980,580,2
980,600,2
980,620,2
980,640,2
980,660,2
980,680,2
980,700,2
980,720,2
980,740,2
980,760,2
980,780,2
980,800,2
980,820,2
980,840,2
980,860,2
980,880,2
980,900,2
980,920,2
980,940,2
980,960,2
980,980,2
980,1000,2
980,1020,2
980,1040,2
980,1060,2
980,1080,2
980,1100,2
980,1120,2
980,1140,2
980,1160,2
980,1180,2
980,1200,2
980,1220,2
980,1240,2
980,1260,2
980,1280,2
980,1300,2
980,1320,2
980,1340,2
980,1360,2
980,1380,2
980,1400,2
980,1420,2
980,1440,1
980,1460,2
980,1480,2
980,1500,2
980,1520,2
980,1540,2
980,1560,2
980,1580,1
1000,0,1
1000,20,1
1000,40,2
1000,60,2
1000,80,2
1000,100,2
1000,120,2
1000,140,2
1000,160,2
1000,180,2
1000,200,2
1000,220,2
1000,240,2
1000,260,2
1000,280,2
1000,300,2
1000,320,2
1000,340,2
1000,360,2
1000,380,2
1000,400,2
1000,420,2
1000,440,2
1000,460,2
1000,480,2
1000,500,2
1000,520,2
1000,540,2
1000,560,2
1000,580,2
1000,600,2
1000,620,2
1000,640,2
1000,660,2
1000,680,2
1000,700,2
1000,720,2
1000,740,2
1000,760,2
1000,780,2
1000,800,2
1000,820,2
1000,840,2
1000,860,2
1000,880,2
1000,900,2
1000,920,2
1000,940,2
1000,960,2
1000,980,2
1000,1000,2
1000,1020,2
1000,1040,2
1000,1060,2
1000,1080,2
1000,1100,2
1000,1120,2
1000,1140,2
1000,1160,2
1000,1180,2
1000,1200,2
1000,1220,2
1000,1240,2
1000,1260,2
1000,1280,2
1000,1300,2
1000,1320,2
1000,1340,2
1000,1360,2
1000,1380,2
1000,1400,2
1000,1420,2
1000,1440,2
1000,1460,2
1000,1480,2
1000,1500,2
1000,1520,2
1000,1540,1
1000,1560,1
1000,1580,1
1020,0,1
1020,20,1
1020,40,2
1020,60,2
1020,80,2
1020,100,2
1020,120,2
1020,140,2
1020,160,2
1020,180,2
1020,200,2
1020,220,2
1020,240,2
1020,260,2
1020,280,2
1020,300,2
1020,320,2
1020,340,2
1020,360,2
1020,380,2
1020,400,2
1020,420,2
1020,440,2
1020,460,2
1020,480,2
1020,500,2
1020,520,2
1020,540,2
1020,560,2
1020,580,2
1020,600,2
1020,620,2
1020,640,2
1020,660,2
1020,680,2
1020,700,2
1020,720,2
1020,740,2
1020,760,2
1020,780,2
1020,800,2
1020,820,2
1020,840,2
1020,860,2
1020,880,2
1020,900,2
1020,920,2
1020,940,2
1020,960,2
1020,980,2
1020,1000,2
1020,1020,2
1020,1040,2
1020,1060,2
1020,1080,2
1020,1100,2
1020,1120,2
1020,1140,2
1020,1160,2
1020,1180,2
1020,1200,2
1020,1220,2
1020,1240,2
1020,1260,2
1020,1280,2
1020,1300,2
1020,1320,2
1020,1340,2
1020,1360,2
1020,1380,2
1020,1400,2
1020,1420,2
1020,1440,2
1020,1460,2
1020,1480,2
1020,1500,2
1020,1520,2
1020,1540,2
1020,1560,2
1020,1580,1
1040,0,1
1040,20,1
1040,40,1
1040,60,2
1040,80,2
1040,100,2
1040,120,2
1040,140,2
1040,160,2
1040,180,2
1040,200,2
1040,220,1
1040,240,1
1040,260,1
1040,280,1
1040,300,2
1040,320,2
1040,340,2
1040,360,2
1040,380,2
1040,400,2
1040,420,2
1040,440,2
1040,460,2
1040,480,2
1040,500,2
1040,520,2
1040,540,2
1040,560,2
1040,580,2
1040,600,2
1040,620,2
1040,640,2
1040,660,2
1040,680,2
1040,700,2
1040,720,2
1040,740,2
1040,760,2
1040,780,2
1040,800,2
1040,820,2
1040,840,2
1040,860,2
1040,880,2
1040,900,2
1040,920,2
1040,940,2
1040,960,2
1040,980,2
1040,1000,2
1040,1020,2
1040,1040,2
1040,1060,2
1040,1080,2
1040,1100,2
1040,1120,2
1040,1140,2
1040,1160,2
1040,1180,2
1040,1200,2
1040,1220,2
1040,1240,2
1040,1260,2
1040,1280,2
1040,1300,2
1040,1320,2
1040,1340,2
1040,1360,2
1040,1380,2
1040,1400,2
1040,1420,2
1040,1440,2
1040,1460,2
1040,1480,2
1040,1500,2
1040,1520,2
1040,1540,2
1040,1560,2
1040,1580,1
1060,0,1
1060,20,1
1060,40,1
1060,60,2
1060,80,2
1060,100,2
1060,120,2
1060,140,2
1060,160,2
1060,180,2
1060,200,2
1060,220,1
1060,240,2
1060,260,2
1060,280,2
1060,300,2
1060,320,2
1060,340,2
1060,360,2
1060,380,2
1060,400,2
1060,420,2
1060,440,2
1060,460,2
1060,480,2
1060,500,2
1060,520,2
1060,540,2
1060,560,2
1060,580,2
1060,600,2
1060,620,2
1060,640,2
1060,660,2
1060,680,2
1060,700,2
1060,720,2
1060,740,2
1060,760,2
1060,780,2
1060,800,2
1060,820,2
1060,840,2
1060,860,2
1060,880,2
1060,900,2
1060,920,2
1060,940,2
1060,960,2
1060,980,2
1060,1000,2
1060,1020,2
1060,1040,2
1060,1060,2
1060,1080,2
1060,1100,2
1060,1120,2
1060,1140,2
1060,1160,2
1060,1180,2
1060,1200,2
1060,1220,2
1060,1240,2
1060,1260,2
1060,1280,2
1060,1300,2
1060,1320,2
1060,1340,2
1060,1360,2
1060,1380,2
1060,1400,2
1060,1420,2
1060,1440,2
1060,1460,2
1060,1480,2
1060,1500,2
1060,1520,2
1060,1540,2
1060,1560,2
1060,1580,1
1080,0,1
1080,20,1
1080,40,1
1080,60,2
1080,80,2
1080,100,2
1080,120,2
1080,140,2
1080,160,2
1080,180,2
1080,200,2
1080,220,2
1080,240,2
1080,260,2
1080,280,2
1080,300,2
1080,320,2
1080,340,2
1080,360,2
1080,380,2
1080,400,2
1080,420,2
1080,440,2
1080,460,2
1080,480,2
1080,500,2
1080,520,2
1080,540,2
1080,560,2
1080,580,2
1080,600,2
1080,620,2
1080,640,2
1080,660,2
1080,680,2
1080,700,2
1080,720,2
1080,740,2
1080,760,2
1080,780,2
1080,800,2
1080,820,2
1080,840,2
1080,860,2
1080,880,2
1080,900,2
1080,920,2
1080,940,2
1080,960,2
1080,980,2
1080,1000,2
1080,1020,2
1080,1040,2
1080,1060,2
1080,1080,2
1080,1100,1
1080,1120,2
1080,1140,2
1080,1160,2
1080,1180,2
1080,1200,2
1080,1220,2
1080,1240,2
1080,1260,2
1080,1280,2
1080,1300,2
1080,1320,2
1080,1340,2
1080,1360,2
1080,1380,2
1080,1400,2
1080,1420,2
1080,1440,2
1080,1460,2
1080,1480,2
1080,1500,2
1080,1520,2
1080,1540,2
1080,1560,2
1080,1580,1
1100,0,1
1100,20,2
1100,40,2
1100,60,2
1100,80,2
1100,100,2
1100,120,2
1100,140,2
1100,160,2
1100,180,2
1100,200,2
1100,220,2
1100,240,2
1100,260,2
1100,280,2
1100,300,2
1100,320,2
1100,340,2
1100,360,2
1100,380,2
1100,400,2
1100,420,2
1100,440,2
1100,460,2
1100,480,2
1100,500,2
1100,520,2
1100,540,2
1100,560,2
1100,580,2
1100,600,2
1100,620,2
1100,640,2
1100,660,2
1100,680,2
1100,700,2
1100,720,2
1100,740,2
1100,760,2
1100,780,2
1100,800,2
1100,820,2
1100,840,2
1100,860,2
1100,880,2
1100,900,2
1100,920,2
1100,940,2
1100,960,2
1100,980,2
1100,1000,2
1100,1020,2
1100,1040,2
1100,1060,2
1100,1080,2
1100,1100,2
1100,1120,2
1100,1140,2
1100,1160,2
1100,1180,2
1100,1200,2
1100,1220,2
1100,1240,2
1100,1260,2
1100,1280,2
1100,1300,2
1100,1320,2
1100,1340,2
1100,1360,2
1100,1380,2
1100,1400,2
1100,1420,2
1100,1440,2
1100,1460,2
1100,1480,2
1100,1500,2
1100,1520,2
1100,1540,2
1100,1560,1
1100,1580,1
1120,0,1
1120,20,2
1120,40,2
1120,60,2
1120,80,2
1120,100,2
1120,120,2
1120,140,2
1120,160,2
1120,180,2
1120,200,2
1120,220,2
1120,240,2
1120,260,2
1120,280,2
1120,300,2
1120,320,2
1120,340,2
1120,360,2
1120,380,2
1120,400,2
1120,420,1
1120,440,2
1120,460,2
1120,480,2
1120,500,2
1120,520,2
1120,540,2
1120,560,2
1120,580,2
1120,600,2
1120,620,2
1120,640,2
1120,660,2
1120,680,2
1120,700,2
1120,720,2
1120,740,2
1120,760,2
1120,780,2
1120,800,2
1120,820,2
1120,840,2
1120,860,2
1120,880,2
1120,900,2
1120,920,2
1120,940,2
1120,960,2
1120,980,2
1120,1000,2
1120,1020,2
1120,1040,2
1120,1060,2
1120,1080,2
1120,1100,2
1120,1120,2
1120,1140,2
1120,1160,2
1120,1180,2
1120,1200,2
1120,1220,2
1120,1240,2
1120,1260,2
1120,1280,2
1120,1300,2
1120,1320,2
1120,1340,2
1120,1360,2
1120,1380,2
1120,1400,2
1120,1420,2
1120,1440,2
1120,1460,2
1120,1480,2
1120,1500,2
1120,1520,2
1120,1540,2
1120,1560,1
1120,1580,1
1140,0,1
1140,20,1
1140,40,1
1140,60,1
1140,80,2
1140,100,2
1140,120,2
1140,140,2
1140,160,2
1140,180,2
1140,200,2
1140,220,2
1140,240,2
1140,260,2
1140,280,2
1140,300,2
1140,320,2
1140,340,2
1140,360,2
1140,380,1
1140,400,1
1140,420,2
1140,440,2
1140,460,2
1140,480,2
1140,500,2
1140,520,2
1140,540,2
1140,560,2
1140,580,2
1140,600,2
1140,620,2
1140,640,2
1140,660,2
1140,680,2
1140,700,2
1140,720,2
1140,740,2
1140,760,2
1140,780,2
1140,800,2
1140,820,2
1140,840,2
1140,860,2
1140,880,2
1140,900,2
1140,920,2
1140,940,2
1140,960,2
1140,980,2
1140,1000,2
1140,1020,2
1140,1040,2
1140,1060,2
1140,1080,2
1140,1100,2
1140,1120,2
1140,1140,2
1140,1160,1
1140,1180,1
1140,1200,2
1140,1220,2
1140,1240,2
1140,1260,2
1140,1280,2
1140,1300,2
1140,1320,2
1140,1340,2
1140,1360,2
1140,1380,2
1140,1400,2
1140,1420,2
1140,1440,2
1140,1460,2
1140,1480,2
1140,1500,2
1140,1520,2
1140,1540,1
1140,1560,1
1140,1580,1
1160,0,1
1160,20,1
1160,40,1
1160,60,2
1160,80,2
1160,100,2
1160,120,2
1160,140,2
1160,160,2
1160,180,2
1160,200,2
1160,220,2
1160,240,2
1160,260,2
1160,280,2
1160,300,2
1160,320,2
1160,340,2
1160,360,2
1160,380,1
1160,400,2
1160,420,2
1160,440,2
1160,460,2
1160,480,2
1160,500,2
1160,520,2
1160,540,2
1160,560,2
1160,580,2
1160,600,2
1160,620,2
1160,640,2
1160,660,2
1160,680,2
1160,700,2
1160,720,2
1160,740,2
1160,760,2
1160,780,2
1160,800,2
1160,820,2
1160,840,2
1160,860,2
1160,880,2
1160,900,2
1160,920,2
1160,940,2
1160,960,2
1160,980,2
1160,1000,2
1160,1020,2
1160,1040,2
1160,1060,2
1160,1080,2
1160,1100,1
1160,1120,2
1160,1140,2
1160,1160,1
1160,1180,1
1160,1200,2
1160,1220,2
1160,1240,2
1160,1260,2
1160,1280,2
1160,1300,2
1160,1320,2
1160,1340,2
1160,1360,2
1160,1380,2
1160,1400,2
1160,1420,2
1160,1440,2
1160,1460,2
1160,1480,2
1160,1500,2
1160,1520,2
1160,1540,1
1160,1560,1
1160,1580,1
1180,0,1
1180,20,1
1180,40,1
1180,60,2
1180,80,2
1180,100,2
1180,120,2
1180,140,2
1180,160,2
1180,180,2
1180,200,2
1180,220,2
1180,240,2
1180,260,2
1180,280,2
1180,300,2
1180,320,2
1180,340,2
1180,360,2
1180,380,1
1180,400,2
1180,420,2
1180,440,2
1180,460,2
1180,480,2
1180,500,2
1180,520,2
1180,540,2
1180,560,2
1180,580,2
1180,600,2
1180,620,2
1180,640,2
1180,660,2
1180,680,2
1180,700,2
1180,720,2
1180,740,2
1180,760,2
1180,780,2
1180,800,2
1180,820,2
1180,840,2
1180,860,2
1180,880,2
1180,900,2
1180,920,2
1180,940,2
1180,960,2
1180,980,2
1180,1000,2
1180,1020,2
1180,1040,2
1180,1060,2
1180,1080,2
1180,1100,1
1180,1120,1
1180,1140,1
1180,1160,1
1180,1180,1
1180,1200,2
1180,1220,2
1180,1240,2
1180,1260,2
1180,1280,2
1180,1300,2
1180,1320,2
1180,1340,2
1180,1360,2
1180,1380,2
1180,1400,2
1180,1420,2
1180,1440,2
1180,1460,2
1180,1480,2
1180,1500,2
1180,1520,2
1180,1540,1
1180,1560,1
1180,1580,1
1200,0,1
1200,20,1
1200,40,1
1200,60,2
1200,80,2
1200,100,2
1200,120,2
1200,140,2
1200,160,2
1200,180,2
1200,200,2
1200,220,2
1200,240,2
1200,260,2
1200,280,2
1200,300,2
1200,320,2
1200,340,1
1200,360,1
1200,380,2
1200,400,2
1200,420,2
1200,440,2
1200,460,2
1200,480,2
1200,500,2
1200,520,2
1200,540,2
1200,560,2
1200,580,2
1200,600,2
1200,620,2
1200,640,2
1200,660,2
1200,680,2
1200,700,2
1200,720,2
1200,740,2
1200,760,2
1200,780,2
1200,800,2
1200,820,2
1200,840,2
1200,860,2
1200,880,2
1200,900,2
1200,920,2
1200,940,2
1200,960,2
1200,980,2
1200,1000,2
1200,1020,2
1200,1040,2
1200,1060,2
1200,1080,2
1200,1100,1
1200,1120,1
1200,1140,1
1200,1160,1
1200,1180,2
1200,1200,2
1200,1220,2
1200,1240,2
1200,1260,2
1200,1280,2
1200,1300,2
1200,1320,2
1200,1340,2
1200,1360,2
1200,1380,2
1200,1400,2
1200,1420,2
1200,1440,2
1200,1460,2
1200,1480,2
1200,1500,2
1200,1520,2
1200,1540,1
1200,1560,1
1200,1580,1
1220,0,1
1220,20,1
1220,40,1
1220,60,2
1220,80,2
1220,100,2
1220,120,2
1220,140,2
1220,160,2
1220,180,2
1220,200,2
1220,220,2
1220,240,2
1220,260,2
1220,280,2
1220,300,2
1220,320,2
1220,340,2
1220,360,2
1220,380,2
1220,400,2
1220,420,2
1220,440,2
1220,460,2
1220,480,2
1220,500,2
1220,520,2
1220,540,2
1220,560,2
1220,580,2
1220,600,2
1220,620,2
1220,640,2
1220,660,2
1220,680,2
1220,700,2
1220,720,2
1220,740,2
1220,760,2
1220,780,2
1220,800,2
1220,820,2
1220,840,2
1220,860,2
1220,880,2
1220,900,2
1220,920,2
1220,940,2
1220,960,2
1220,980,2
1220,1000,2
1220,1020,2
1220,1040,2
1220,1060,2
1220,1080,2
1220,1100,2
1220,1120,2
1220,1140,1
1220,1160,2
1220,1180,2
1220,1200,2
1220,1220,2
1220,1240,2
1220,1260,2
1220,1280,2
1220,1300,2
1220,1320,2
1220,1340,2
1220,1360,2
1220,1380,2
1220,1400,2
1220,1420,2
1220,1440,2
1220,1460,1
1220,1480,2
1220,1500,2
1220,1520,2
1220,1540,1
1220,1560,1
1220,1580,1
1240,0,1
1240,20,1
1240,40,1
1240,60,1
1240,80,2
1240,100,2
1240,120,2
1240,140,2
1240,160,2
1240,180,2
1240,200,2
1240,220,2
1240,240,2
1240,260,2
1240,280,1
1240,300,2
1240,320,2
1240,340,2
1240,360,2
1240,380,2
1240,400,2
1240,420,2
1240,440,2
1240,460,2
1240,480,2
1240,500,2
1240,520,2
1240,540,2
1240,560,2
1240,580,2
1240,600,2
1240,620,2
1240,640,2
1240,660,2
1240,680,2
1240,700,2
1240,720,2
1240,740,1
1240,760,2
1240,780,2
1240,800,2
1240,820,2
1240,840,2
1240,860,2
1240,880,2
1240,900,2
1240,920,2
1240,940,2
1240,960,2
1240,980,2
1240,1000,2
1240,1020,2
1240,1040,2
1240,1060,2
1240,1080,2
1240,1100,2
1240,1120,2
1240,1140,2
1240,1160,2
1240,1180,2
1240,1200,2
1240,1220,2
1240,1240,2
1240,1260,2
1240,1280,2
1240,1300,2
1240,1320,2
1240,1340,2
1240,1360,2
1240,1380,2
1240,1400,2
1240,1420,2
1240,1440,2
1240,1460,2
1240,1480,2
1240,1500,2
1240,1520,2
1240,1540,1
1240,1560,1
1240,1580,1
1260,0,1
1260,20,1
1260,40,1
1260,60,2
1260,80,2
1260,100,2
1260,120,2
1260,140,2
1260,160,2
1260,180,2
1260,200,2
1260,220,2
1260,240,2
1260,260,2
1260,280,1
1260,300,2
1260,320,2
1260,340,2
1260,360,2
1260,380,2
1260,400,2
1260,420,2
1260,440,2
1260,460,2
1260,480,2
1260,500,2
1260,520,1
1260,540,2
1260,560,2
1260,580,2
1260,600,2
1260,620,2
1260,640,2
1260,660,2
1260,680,2
1260,700,2
1260,720,2
1260,740,2
1260,760,2
1260,780,2
1260,800,2
1260,820,2
1260,840,1
1260,860,1
1260,880,2
1260,900,2
1260,920,2
1260,940,2
1260,960,2
1260,980,2
1260,1000,2
1260,1020,2
1260,1040,2
1260,1060,2
1260,1080,2
1260,1100,2
1260,1120,2
1260,1140,2
1260,1160,2
1260,1180,2
1260,1200,2
1260,1220,2
1260,1240,2
1260,1260,2
1260,1280,2
1260,1300,2
1260,1320,2
1260,1340,2
1260,1360,2
1260,1380,2
1260,1400,2
1260,1420,2
1260,1440,2
1260,1460,2
1260,1480,2
1260,1500,2
1260,1520,2
1260,1540,1
1260,1560,1
1260,1580,1
1280,0,1
1280,20,1
1280,40,2
1280,60,2
1280,80,2
1280,100,2
1280,120,2
1280,140,2
1280,160,2
1280,180,2
1280,200,2
1280,220,2
1280,240,2
1280,260,2
1280,280,1
1280,300,1
1280,320,2
1280,340,2
1280,360,2
1280,380,2
1280,400,2
1280,420,2
1280,440,2
1280,460,2
1280,480,2
1280,500,2
1280,520,1
1280,540,2
1280,560,2
1280,580,2
1280,600,2
1280,620,2
1280,640,2
1280,660,2
1280,680,2
1280,700,2
1280,720,2
1280,740,2
1280,760,2
1280,780,2
1280,800,2
1280,820,2
1280,840,1
1280,860,2
1280,880,2
1280,900,2
1280,920,2
1280,940,2
1280,960,2
1280,980,2
1280,1000,2
1280,1020,2
1280,1040,2
1280,1060,1
1280,1080,1
1280,1100,1
1280,1120,2
1280,1140,2
1280,1160,2
1280,1180,2
1280,1200,2
1280,1220,2
1280,1240,2
1280,1260,2
1280,1280,2
1280,1300,2
1280,1320,2
1280,1340,2
1280,1360,2
1280,1380,2
1280,1400,2
1280,1420,2
1280,1440,2
1280,1460,2
1280,1480,2
1280,1500,2
1280,1520,2
1280,1540,2
1280,1560,1
1280,1580,1
1300,0,1
1300,20,1
1300,40,2
1300,60,2
1300,80,2
1300,100,2
1300,120,2
1300,140,2
1300,160,2
1300,180,2
1300,200,1
1300,220,2
1300,240,2
1300,260,2
1300,280,2
1300,300,2
1300,320,2
1300,340,2
1300,360,2
1300,380,1
1300,400,2
1300,420,2
1300,440,2
1300,460,2
1300,480,2
1300,500,2
1300,520,2
1300,540,2
1300,560,2
1300,580,1
1300,600,2
1300,620,1
1300,640,1
1300,660,2
1300,680,2
1300,700,2
1300,720,2
1300,740,1
1300,760,1
1300,780,1
1300,800,2
1300,820,2
1300,840,2
1300,860,2
1300,880,2
1300,900,2
1300,920,2
1300,940,2
1300,960,2
1300,980,2
1300,1000,2
1300,1020,2
1300,1040,2
1300,1060,2
1300,1080,2
1300,1100,2
1300,1120,2
1300,1140,2
1300,1160,2
1300,1180,2
1300,1200,2
1300,1220,2
1300,1240,2
1300,1260,2
1300,1280,2
1300,1300,2
1300,1320,2
1300,1340,2
1300,1360,2
1300,1380,2
1300,1400,2
1300,1420,2
1300,1440,2
1300,1460,2
1300,1480,2
1300,1500,2
1300,1520,2
1300,1540,2
1300,1560,2
1300,1580,1
1320,0,1
1320,20,1
1320,40,1
1320,60,2
1320,80,2
1320,100,2
1320,120,2
1320,140,2
1320,160,2
1320,180,2
1320,200,2
1320,220,2
1320,240,2
1320,260,2
1320,280,2
1320,300,2
1320,320,2
1320,340,2
1320,360,2
1320,380,1
1320,400,1
1320,420,1
1320,440,1
1320,460,1
1320,480,2
1320,500,2
1320,520,2
1320,540,2
1320,560,2
1320,580,2
1320,600,1
1320,620,1
1320,640,1
1320,660,2
1320,680,2
1320,700,2
1320,720,2
1320,740,2
1320,760,2
1320,780,2
1320,800,2
1320,820,2
1320,840,2
1320,860,2
1320,880,2
1320,900,2
1320,920,2
1320,940,1
1320,960,1
1320,980,1
1320,1000,2
1320,1020,2
1320,1040,2
1320,1060,2
1320,1080,2
1320,1100,2
1320,1120,2
1320,1140,2
1320,1160,1
1320,1180,2
1320,1200,2
1320,1220,2
1320,1240,2
1320,1260,2
1320,1280,2
1320,1300,2
1320,1320,2
1320,1340,2
1320,1360,2
1320,1380,2
1320,1400,2
1320,1420,1
1320,1440,2
1320,1460,2
1320,1480,2
1320,1500,2
1320,1520,1
1320,1540,2
1320,1560,2
1320,1580,1
1340,0,1
1340,20,1
1340,40,1
1340,60,2
1340,80,2
1340,100,2
1340,120,2
1340,140,2
1340,160,2
1340,180,2
1340,200,2
1340,220,2
1340,240,2
1340,260,2
1340,280,2
1340,300,2
1340,320,2
1340,340,2
1340,360,2
1340,380,1
1340,400,1
1340,420,2
1340,440,2
1340,460,1
1340,480,2
1340,500,2
1340,520,2
1340,540,2
1340,560,2
1340,580,2
1340,600,1
1340,620,2
1340,640,2
1340,660,2
1340,680,2
1340,700,2
1340,720,1
1340,740,2
1340,760,2
1340,780,2
1340,800,2
1340,820,2
1340,840,2
1340,860,2
1340,880,2
1340,900,2
1340,920,2
1340,940,1
1340,960,1
1340,980,2
1340,1000,2
1340,1020,1
1340,1040,2
1340,1060,2
1340,1080,2
1340,1100,2
1340,1120,2
1340,1140,2
1340,1160,2
1340,1180,2
1340,1200,2
1340,1220,2
1340,1240,2
1340,1260,2
1340,1280,2
1340,1300,2
1340,1320,2
1340,1340,2
1340,1360,2
1340,1380,2
1340,1400,1
1340,1420,1
1340,1440,2
1340,1460,2
1340,1480,2
1340,1500,2
1340,1520,1
1340,1540,2
1340,1560,2
1340,1580,1
1360,0,1
1360,20,1
1360,40,1
1360,60,2
1360,80,2
1360,100,2
1360,120,2
1360,140,2
1360,160,2
1360,180,2
1360,200,2
1360,220,2
1360,240,2
1360,260,2
1360,280,2
1360,300,2
1360,320,2
1360,340,2
1360,360,2
1360,380,2
1360,400,2
1360,420,2
1360,440,2
1360,460,2
1360,480,2
1360,500,2
1360,520,2
1360,540,2
1360,560,2
1360,580,2
1360,600,2
1360,620,2
1360,640,2
1360,660,2
1360,680,2
1360,700,2
1360,720,2
1360,740,2
1360,760,1
1360,780,1
1360,800,2
1360,820,2
1360,840,2
1360,860,2
1360,880,2
1360,900,2
1360,920,2
1360,940,2
1360,960,2
1360,980,2
1360,1000,2
1360,1020,2
1360,1040,2
1360,1060,2
1360,1080,2
1360,1100,2
1360,1120,2
1360,1140,2
1360,1160,2
1360,1180,2
1360,1200,2
1360,1220,2
1360,1240,2
1360,1260,2
1360,1280,2
1360,1300,2
1360,1320,2
1360,1340,2
1360,1360,2
1360,1380,2
1360,1400,2
1360,1420,2
1360,1440,2
1360,1460,2
1360,1480,2
1360,1500,2
1360,1520,2
1360,1540,2
1360,1560,2
1360,1580,1
1380,0,1
1380,20,1
1380,40,1
1380,60,2
1380,80,2
1380,100,2
1380,120,2
1380,140,2
1380,160,2
1380,180,2
1380,200,2
1380,220,2
1380,240,2
1380,260,2
1380,280,2
1380,300,2
1380,320,2
1380,340,2
1380,360,2
1380,380,2
1380,400,2
1380,420,2
1380,440,2
1380,460,2
1380,480,2
1380,500,2
1380,520,2
1380,540,2
1380,560,2
1380,580,2
1380,600,2
1380,620,2
1380,640,2
1380,660,2
1380,680,2
1380,700,2
1380,720,2
1380,740,2
1380,760,1
1380,780,2
1380,800,2
1380,820,2
1380,840,2
1380,860,2
1380,880,2
1380,900,2
1380,920,2
1380,940,2
1380,960,2
1380,980,1
1380,1000,1
1380,1020,2
1380,1040,2
1380,1060,2
1380,1080,2
1380,1100,2
1380,1120,2
1380,1140,2
1380,1160,2
1380,1180,2
1380,1200,2
1380,1220,2
1380,1240,2
1380,1260,2
1380,1280,2
1380,1300,2
1380,1320,2
1380,1340,2
1380,1360,2
1380,1380,2
1380,1400,2
1380,1420,2
1380,1440,2
1380,1460,2
1380,1480,2
1380,1500,2
1380,1520,2
1380,1540,2
1380,1560,2
1380,1580,1
1400,0,1
1400,20,1
1400,40,1
1400,60,2
1400,80,2
1400,100,2
1400,120,2
1400,140,2
1400,160,1
1400,180,2
1400,200,2
1400,220,2
1400,240,2
1400,260,2
1400,280,2
1400,300,2
1400,320,2
1400,340,2
1400,360,2
1400,380,2
1400,400,2
1400,420,2
1400,440,2
1400,460,2
1400,480,2
1400,500,2
1400,520,2
1400,540,2
1400,560,1
1400,580,1
1400,600,2
1400,620,2
1400,640,2
1400,660,2
1400,680,2
1400,700,2
1400,720,2
1400,740,2
1400,760,2
1400,780,2
1400,800,2
1400,820,2
1400,840,2
1400,860,2
1400,880,2
1400,900,2
1400,920,2
1400,940,2
1400,960,1
1400,980,1
1400,1000,1
1400,1020,2
1400,1040,2
1400,1060,2
1400,1080,2
1400,1100,2
1400,1120,2
1400,1140,2
1400,1160,2
1400,1180,2
1400,1200,2
1400,1220,2
1400,1240,2
1400,1260,2
1400,1280,2
1400,1300,2
1400,1320,2
1400,1340,2
1400,1360,2
1400,1380,2
1400,1400,2
1400,1420,2
1400,1440,2
1400,1460,2
1400,1480,2
1400,1500,2
1400,1520,1
1400,1540,2
1400,1560,2
1400,1580,1
1420,0,1
1420,20,1
1420,40,1
1420,60,2
1420,80,2
1420,100,2
1420,120,2
1420,140,2
1420,160,2
1420,180,2
1420,200,2
1420,220,2
1420,240,2
1420,260,2
1420,280,2
1420,300,2
1420,320,2
1420,340,1
1420,360,1
1420,380,2
1420,400,2
1420,420,2
1420,440,1
1420,460,2
1420,480,2
1420,500,2
1420,520,2
1420,540,2
1420,560,2
1420,580,2
1420,600,2
1420,620,2
1420,640,2
1420,660,2
1420,680,2
1420,700,2
1420,720,2
1420,740,2
1420,760,2
1420,780,2
1420,800,2
1420,820,2
1420,840,2
1420,860,2
1420,880,2
1420,900,2
1420,920,2
1420,940,2
1420,960,2
1420,980,2
1420,1000,2
1420,1020,2
1420,1040,2
1420,1060,2
1420,1080,2
1420,1100,2
1420,1120,2
1420,1140,2
1420,1160,2
1420,1180,2
1420,1200,2
1420,1220,2
1420,1240,2
1420,1260,2
1420,1280,2
1420,1300,2
1420,1320,2
1420,1340,2
1420,1360,2
1420,1380,2
1420,1400,2
1420,1420,2
1420,1440,2
1420,1460,2
1420,1480,2
1420,1500,2
1420,1520,2
1420,1540,2
1420,1560,2
1420,1580,1
1440,0,1
1440,20,1
1440,40,1
1440,60,2
1440,80,2
1440,100,2
1440,120,2
1440,140,2
1440,160,2
1440,180,2
1440,200,2
1440,220,2
1440,240,2
1440,260,2
1440,280,2
1440,300,2
1440,320,1
1440,340,1
1440,360,1
1440,380,1
1440,400,2
1440,420,2
1440,440,1
1440,460,2
1440,480,2
1440,500,2
1440,520,2
1440,540,2
1440,560,2
1440,580,2
1440,600,2
1440,620,2
1440,640,2
1440,660,2
1440,680,2
1440,700,1
1440,720,2
1440,740,2
1440,760,2
1440,780,2
1440,800,2
1440,820,2
1440,840,2
1440,860,2
1440,880,2
1440,900,2
1440,920,2
1440,940,2
1440,960,2
1440,980,2
1440,1000,2
1440,1020,2
1440,1040,2
1440,1060,2
1440,1080,2
1440,1100,2
1440,1120,2
1440,1140,2
1440,1160,2
1440,1180,2
1440,1200,2
1440,1220,2
1440,1240,2
1440,1260,2
1440,1280,2
1440,1300,2
1440,1320,2
1440,1340,2
1440,1360,2
1440,1380,2
1440,1400,2
1440,1420,2
1440,1440,2
1440,1460,2
1440,1480,1
1440,1500,2
1440,1520,2
1440,1540,2
1440,1560,2
1440,1580,1
1460,0,1
1460,20,1
1460,40,1
1460,60,2
1460,80,2
1460,100,2
1460,120,2
1460,140,2
1460,160,2
1460,180,2
1460,200,2
1460,220,2
1460,240,2
1460,260,2
1460,280,2
1460,300,2
1460,320,2
1460,340,1
1460,360,1
1460,380,2
1460,400,2
1460,420,2
1460,440,2
1460,460,2
1460,480,2
1460,500,2
1460,520,2
1460,540,2
1460,560,2
1460,580,2
1460,600,2
1460,620,2
1460,640,2
1460,660,2
1460,680,2
1460,700,2
1460,720,2
1460,740,2
1460,760,2
1460,780,2
1460,800,2
1460,820,2
1460,840,2
1460,860,2
1460,880,2
1460,900,2
1460,920,2
1460,940,2
1460,960,2
1460,980,2
1460,1000,2
1460,1020,2
1460,1040,2
1460,1060,2
1460,1080,2
1460,1100,2
1460,1120,2
1460,1140,1
1460,1160,2
1460,1180,2
1460,1200,2
1460,1220,2
1460,1240,2
1460,1260,1
1460,1280,1
1460,1300,1
1460,1320,1
1460,1340,2
1460,1360,2
1460,1380,2
1460,1400,1
1460,1420,2
1460,1440,2
1460,1460,2
1460,1480,2
1460,1500,2
1460,1520,2
1460,1540,2
1460,1560,1
1460,1580,1
1480,0,1
1480,20,1
1480,40,1
1480,60,2
1480,80,2
1480,100,2
1480,120,2
1480,140,2
1480,160,2
1480,180,2
1480,200,2
1480,220,2
1480,240,2
1480,260,2
1480,280,2
1480,300,2
1480,320,2
1480,340,2
1480,360,2
1480,380,2
1480,400,2
1480,420,2
1480,440,2
1480,460,2
1480,480,2
1480,500,2
1480,520,2
1480,540,2
1480,560,2
1480,580,2
1480,600,2
1480,620,2
1480,640,2
1480,660,1
1480,680,2
1480,700,2
1480,720,2
1480,740,2
1480,760,2
1480,780,2
1480,800,2
1480,820,2
1480,840,2
1480,860,2
1480,880,2
1480,900,2
1480,920,2
1480,940,2
1480,960,2
1480,980,2
1480,1000,2
1480,1020,2
1480,1040,2
1480,1060,2
1480,1080,2
1480,1100,2
1480,1120,2
1480,1140,1
1480,1160,2
1480,1180,2
1480,1200,2
1480,1220,1
1480,1240,1
1480,1260,2
1480,1280,2
1480,1300,2
1480,1320,2
1480,1340,2
1480,1360,2
1480,1380,1
1480,1400,2
1480,1420,2
1480,1440,2
1480,1460,2
1480,1480,2
1480,1500,2
1480,1520,2
1480,1540,2
1480,1560,1
1480,1580,1
1500,0,1
1500,20,1
1500,40,1
1500,60,2
1500,80,2
1500,100,2
1500,120,2
1500,140,2
1500,160,2
1500,180,2
1500,200,2
1500,220,2
1500,240,1
1500,260,2
1500,280,2
1500,300,2
1500,320,2
1500,340,2
1500,360,2
1500,380,2
1500,400,2
1500,420,2
1500,440,2
1500,460,2
1500,480,2
1500,500,2
1500,520,2
1500,540,2
1500,560,2
1500,580,2
1500,600,2
1500,620,2
1500,640,1
1500,660,1
1500,680,2
1500,700,2
1500,720,2
1500,740,2
1500,760,2
1500,780,2
1500,800,2
1500,820,2
1500,840,2
1500,860,2
1500,880,1
1500,900,2
1500,920,2
1500,940,2
1500,960,2
1500,980,2
1500,1000,2
1500,1020,2
1500,1040,2
1500,1060,2
1500,1080,1
1500,1100,2
1500,1120,2
1500,1140,2
1500,1160,2
1500,1180,2
1500,1200,2
1500,1220,2
1500,1240,2
1500,1260,2
1500,1280,2
1500,1300,2
1500,1320,2
1500,1340,2
1500,1360,2
1500,1380,1
1500,1400,2
1500,1420,2
1500,1440,2
1500,1460,2
1500,1480,2
1500,1500,2
1500,1520,1
1500,1540,1
1500,1560,1
1500,1580,1
1520,0,1
1520,20,1
1520,40,1
1520,60,2
1520,80,2
1520,100,2
1520,120,2
1520,140,2
1520,160,2
1520,180,2
1520,200,2
1520,220,2
1520,240,2
1520,260,2
1520,280,2
1520,300,2
1520,320,2
1520,340,2
1520,360,2
1520,380,2
1520,400,2
1520,420,2
1520,440,2
1520,460,2
1520,480,2
1520,500,2
1520,520,2
1520,540,2
1520,560,2
1520,580,1
1520,600,2
1520,620,2
1520,640,2
1520,660,2
1520,680,2
1520,700,2
1520,720,2
1520,740,2
1520,760,2
1520,780,2
1520,800,2
1520,820,2
1520,840,2
1520,860,1
1520,880,1
1520,900,1
1520,920,2
1520,940,2
1520,960,2
1520,980,1
1520,1000,1
1520,1020,1
1520,1040,2
1520,1060,2
1520,1080,1
1520,1100,1
1520,1120,2
1520,1140,2
1520,1160,2
1520,1180,2
1520,1200,2
1520,1220,2
1520,1240,2
1520,1260,2
1520,1280,2
1520,1300,2
1520,1320,2
1520,1340,2
1520,1360,2
1520,1380,2
1520,1400,2
1520,1420,2
1520,1440,2
1520,1460,2
1520,1480,2
1520,1500,1
1520,1520,1
1520,1540,1
1520,1560,1
1520,1580,1
1540,0,1
1540,20,1
1540,40,1
1540,60,2
1540,80,2
1540,100,2
1540,120,2
1540,140,2
1540,160,1
1540,180,1
1540,200,1
1540,220,1
1540,240,2
1540,260,2
1540,280,2
1540,300,1
1540,320,1
1540,340,2
1540,360,2
1540,380,2
1540,400,2
1540,420,1
1540,440,1
1540,460,1
1540,480,1
1540,500,1
1540,520,1
1540,540,1
1540,560,1
1540,580,1
1540,600,1
1540,620,1
1540,640,2
1540,660,2
1540,680,2
1540,700,2
1540,720,1
1540,740,1
1540,760,1
1540,780,2
1540,800,2
1540,820,1
1540,840,1
1540,860,1
1540,880,1
1540,900,1
1540,920,1
1540,940,1
1540,960,1
1540,980,1
1540,1000,1
1540,1020,1
1540,1040,2
1540,1060,2
1540,1080,2
1540,1100,2
1540,1120,2
1540,1140,2
1540,1160,2
1540,1180,2
1540,1200,2
1540,1220,1
1540,1240,1
1540,1260,1
1540,1280,1
1540,1300,1
1540,1320,1
1540,1340,1
1540,1360,1
1540,1380,2
1540,1400,2
1540,1420,2
1540,1440,2
1540,1460,2
1540,1480,1
1540,1500,1
1540,1520,1
1540,1540,1
1540,1560,1
1540,1580,1
1560,0,1
1560,20,1
1560,40,1
1560,60,1
1560,80,1
1560,100,1
1560,120,1
1560,140,1
1560,160,1
1560,180,1
1560,200,1
1560,220,1
1560,240,1
1560,260,1
1560,280,1
1560,300,1
1560,320,1
1560,340,1
1560,360,1
1560,380,1
1560,400,1
1560,420,1
1560,440,1
1560,460,1
1560,480,1
1560,500,1
1560,520,1
1560,540,1
1560,560,1
1560,580,1
1560,600,1
1560,620,1
1560,640,1
1560,660,1
1560,680,1
1560,700,1
1560,720,1
1560,740,1
1560,760,1
1560,780,1
1560,800,1
1560,820,1
1560,840,1
1560,860,1
1560,880,1
1560,900,1
1560,920,1
1560,940,1
1560,960,1
1560,980,1
1560,1000,1
1560,1020,1
1560,1040,1
1560,1060,2
1560,1080,2
1560,1100,2
1560,1120,2
1560,1140,1
1560,1160,1
1560,1180,1
1560,1200,1
1560,1220,1
1560,1240,1
1560,1260,1
1560,1280,1
1560,1300,1
1560,1320,1
1560,1340,1
1560,1360,1
1560,1380,1
1560,1400,1
1560,1420,1
1560,1440,1
1560,1460,1
1560,1480,1
1560,1500,1
1560,1520,1
1560,1540,1
1560,1560,1
1560,1580,1
1580,0,1
1580,20,1
1580,40,1
1580,60,1
1580,80,1
1580,100,1
1580,120,1
1580,140,1
1580,160,1
1580,180,1
1580,200,1
1580,220,1
1580,240,1
1580,260,1
1580,280,1
1580,300,1
1580,320,1
1580,340,1
1580,360,1
1580,380,1
1580,400,1
1580,420,1
1580,440,1
1580,460,1
1580,480,1
1580,500,1
1580,520,1
1580,540,1
1580,560,1
1580,580,1
1580,600,1
1580,620,1
1580,640,1
1580,660,1
1580,680,1
1580,700,1
1580,720,1
1580,740,1
1580,760,1
1580,780,1
1580,800,1
1580,820,1
1580,840,1
1580,860,1
1580,880,1
1580,900,1
1580,920,1
1580,940,1
1580,960,1
1580,980,1
1580,1000,1
1580,1020,1
1580,1040,1
1580,1060,1
1580,1080,1
1580,1100,1
1580,1120,1
1580,1140,1
1580,1160,1
1580,1180,1
1580,1200,1
1580,1220,1
1580,1240,1
1580,1260,1
1580,1280,1
1580,1300,1
1580,1320,1
1580,1340,1
1580,1360,1
1580,1380,1
1580,1400,1
1580,1420,1
1580,1440,1
1580,1460,1
1580,1480,1
1580,1500,1
1580,1520,1
1580,1540,1
1580,1560,1
1580,1580,1
597,419,0