800,600
0,0,1
0,20,1
0,40,1
0,60,1
0,80,1
0,100,1
0,120,1
0,140,1
0,160,1
0,180,1
0,200,1
0,220,1
0,240,1
0,260,1
0,280,1
0,300,1
0,320,1
0,340,1
0,360,1
0,380,1
0,400,1
0,420,1
0,440,1
0,460,1
0,480,1
0,500,1
0,520,1
0,540,1
0,560,1
0,580,1
20,0,1
20,20,2
20,40,2
20,60,2
20,80,2
20,100,2
20,120,2
20,140,2
20,160,2
20,180,2
20,200,2
20,220,2
20,240,2
20,260,2
20,280,2
20,300,2
20,320,2
20,340,2
20,360,2
20,380,2
20,400,2
20,420,2
20,440,2
20,460,2
20,480,2
20,500,2
20,520,2
20,540,2
20,560,2
20,580,1
40,0,1
40,20,2
40,40,2
40,60,2
40,80,2
40,100,2
40,120,2
40,140,2
40,160,2
40,180,2
40,200,2
40,220,2
40,240,2
40,260,2
40,280,2
40,300,2
40,320,2
40,340,2
40,360,2
40,380,2
40,400,2
40,420,2
40,440,2
40,460,2
40,480,2
40,500,2
40,520,2
40,540,2
40,560,2
40,580,1
60,0,1
60,20,2
60,40,2
60,60,1
60,80,1
60,100,1
60,120,1
60,140,1
60,160,1
60,180,1
60,200,1
60,220,1
60,240,1
60,260,2
60,280,2
60,300,2
60,320,2
60,340,2
60,360,2
60,380,2
60,400,2
60,420,2
60,440,2
60,460,2
60,480,2
60,500,2
60,520,2
60,540,2
60,560,2
60,580,1
80,0,1
80,20,2
80,40,2
80,60,1
80,80,1
80,100,1
80,120,1
80,140,1
80,160,1
80,180,1
80,200,1
80,220,1
80,240,1
80,260,2
80,280,2
80,300,2
80,320,2
80,340,2
80,360,2
80,380,2
80,400,2
80,420,2
80,440,2
80,460,2
80,480,2
80,500,2
80,520,2
80,540,2
80,560,2
80,580,1
100,0,1
100,20,2
100,40,2
100,60,2
100,80,2
100,100,2
100,120,2
100,140,2
100,160,2
100,180,2
100,200,2
100,220,2
100,240,2
100,260,2
100,280,2
100,300,2
100,320,2
100,340,2
100,360,2
100,380,2
100,400,2
100,420,2
100,440,2
100,460,2
100,480,2
100,500,2
100,520,2
100,540,2
100,560,2
100,580,1
120,0,1
120,20,2
120,40,2
120,60,1
120,80,2
120,100,2
120,120,1
120,140,1
120,160,1
120,180,1
120,200,1
120,220,1
120,240,1
120,260,2
120,280,2
120,300,2
120,320,2
120,340,2
120,360,2
120,380,2
120,400,2
120,420,2
120,440,2
120,460,2
120,480,2
120,500,2
120,520,2
120,540,2
120,560,2
120,580,1
140,0,1
140,20,2
140,40,2
140,60,1
140,80,2
140,100,2
140,120,1
140,140,1
140,160,1
140,180,1
140,200,1
140,220,1
140,240,1
140,260,2
140,280,2
140,300,2
140,320,2
140,340,1
140,360,2
140,380,2
140,400,2
140,420,2
140,440,2
140,460,2
140,480,2
140,500,2
140,520,2
140,540,2
140,560,2
140,580,1
160,0,1
160,20,2
160,40,2
160,60,1
160,80,2
160,100,2
160,120,1
160,140,1
160,160,1
160,180,1
160,200,1
160,220,1
160,240,1
160,260,2
160,280,2
160,300,2
160,320,2
160,340,1
160,360,2
160,380,2
160,400,2
160,420,2
160,440,2
160,460,2
160,480,2
160,500,2
160,520,2
160,540,2
160,560,2
160,580,1
180,0,1
180,20,2
180,40,2
180,60,1
180,80,2
180,100,2
180,120,1
180,140,1
180,160,1
180,180,2
180,200,1
180,220,1
180,240,1
180,260,2
180,280,2
180,300,2
180,320,2
180,340,2
180,360,2
180,380,2
180,400,2
180,420,2
180,440,2
180,460,2
180,480,2
180,500,2
180,520,2
180,540,2
180,560,2
180,580,1
200,0,1
200,20,2
200,40,2
200,60,1
200,80,2
200,100,2
200,120,1
200,140,2
200,160,1
200,180,1
200,200,2
200,220,1
200,240,1
200,260,2
200,280,2
200,300,2
200,320,2
200,340,2
200,360,2
200,380,2
200,400,2
200,420,2
200,440,2
200,460,2
200,480,2
200,500,2
200,520,2
200,540,2
200,560,2
200,580,1
220,0,1
220,20,2
220,40,2
220,60,1
220,80,2
220,100,2
220,120,1
220,140,1
220,160,1
220,180,1
220,200,2
220,220,1
220,240,1
220,260,2
220,280,2
220,300,2
220,320,2
220,340,2
220,360,2
220,380,2
220,400,2
220,420,2
220,440,2
220,460,2
220,480,2
220,500,2
220,520,2
220,540,2
220,560,2
220,580,1
240,0,1
240,20,2
240,40,2
240,60,1
240,80,2
240,100,2
240,120,1
240,140,1
240,160,1
240,180,1
240,200,2
240,220,1
240,240,1
240,260,2
240,280,2
240,300,2
240,320,2
240,340,2
240,360,2
240,380,2
240,400,2
240,420,2
240,440,2
240,460,2
240,480,2
240,500,2
240,520,2
240,540,2
240,560,4
240,580,1
260,0,1
260,20,2
260,40,2
260,60,1
260,80,2
260,100,2
260,120,1
260,140,2
260,160,1
260,180,1
260,200,2
260,220,1
260,240,1
260,260,2
260,280,2
260,300,2
260,320,2
260,340,2
260,360,2
260,380,2
260,400,2
260,420,2
260,440,2
260,460,2
260,480,2
260,500,2
260,520,2
260,540,2
260,560,2
260,580,1
280,0,1
280,20,2
280,40,2
280,60,1
280,80,2
280,100,2
280,120,1
280,140,1
280,160,1
280,180,2
280,200,1
280,220,1
280,240,1
280,260,2
280,280,2
280,300,2
280,320,2
280,340,2
280,360,2
280,380,1
280,400,2
280,420,2
280,440,2
280,460,2
280,480,2
280,500,2
280,520,2
280,540,2
280,560,2
280,580,1
300,0,1
300,20,2
300,40,2
300,60,1
300,80,2
300,100,2
300,120,1
300,140,1
300,160,1
300,180,1
300,200,1
300,220,1
300,240,1
300,260,2
300,280,2
300,300,2
300,320,2
300,340,2
300,360,2
300,380,1
300,400,2
300,420,2
300,440,2
300,460,2
300,480,2
300,500,2
300,520,2
300,540,2
300,560,2
300,580,1
320,0,1
320,20,2
320,40,2
320,60,1
320,80,2
320,100,2
320,120,1
320,140,1
320,160,1
320,180,1
320,200,1
320,220,1
320,240,1
320,260,2
320,280,2
320,300,2
320,320,2
320,340,2
320,360,2
320,380,2
320,400,2
320,420,2
320,440,2
320,460,2
320,480,2
320,500,2
320,520,2
320,540,2
320,560,2
320,580,1
340,0,1
340,20,2
340,40,2
340,60,1
340,80,2
340,100,2
340,120,1
340,140,1
340,160,1
340,180,1
340,200,1
340,220,1
340,240,1
340,260,2
340,280,2
340,300,2
340,320,2
340,340,2
340,360,2
340,380,2
340,400,2
340,420,2
340,440,2
340,460,2
340,480,2
340,500,2
340,520,2
340,540,2
340,560,2
340,580,1
360,0,1
360,20,2
360,40,2
360,60,1
360,80,2
360,100,2
360,120,1
360,140,1
360,160,1
360,180,1
360,200,1
360,220,1
360,240,1
360,260,2
360,280,2
360,300,2
360,320,2
360,340,2
360,360,2
360,380,2
360,400,2
360,420,2
360,440,2
360,460,2
360,480,2
360,500,2
360,520,2
360,540,2
360,560,2
360,580,1
380,0,1
380,20,2
380,40,2
380,60,1
380,80,2
380,100,2
380,120,1
380,140,1
380,160,1
380,180,1
380,200,1
380,220,1
380,240,1
380,260,2
380,280,2
380,300,2
380,320,2
380,340,2
380,360,2
380,380,2
380,400,2
380,420,2
380,440,2
380,460,2
380,480,2
380,500,2
380,520,2
380,540,2
380,560,2
380,580,1
400,0,1
400,20,2
400,40,2
400,60,1
400,80,2
400,100,2
400,120,1
400,140,1
400,160,1
400,180,1
400,200,1
400,220,1
400,240,1
400,260,2
400,280,2
400,300,2
400,320,2
400,340,2
400,360,2
400,380,2
400,400,2
400,420,2
400,440,2
400,460,2
400,480,2
400,500,2
400,520,2
400,540,2
400,560,2
400,580,1
420,0,1
420,20,2
420,40,2
420,60,1
420,80,2
420,100,2
420,120,1
420,140,1
420,160,1
420,180,1
420,200,1
420,220,1
420,240,1
420,260,1
420,280,1
420,300,1
420,320,1
420,340,2
420,360,2
420,380,2
420,400,1
420,420,1
420,440,1
420,460,1
420,480,1
420,500,1
420,520,1
420,540,2
420,560,2
420,580,1
440,0,1
440,20,2
440,40,2
440,60,1
440,80,2
440,100,2
440,120,1
440,140,1
440,160,1
440,180,1
440,200,1
440,220,1
440,240,1
440,260,1
440,280,1
440,300,1
440,320,1
440,340,1
440,360,2
440,380,2
440,400,1
440,420,1
440,440,1
440,460,1
440,480,1
440,500,1
440,520,1
440,540,2
440,560,2
440,580,1
460,0,1
460,20,2
460,40,2
460,60,1
460,80,2
460,100,2
460,120,1
460,140,1
460,160,1
460,180,1
460,200,1
460,220,1
460,240,1
460,260,1
460,280,1
460,300,1
460,320,1
460,340,1
460,360,2
460,380,2
460,400,1
460,420,1
460,440,1
460,460,1
460,480,1
460,500,1
460,520,1
460,540,2
460,560,2
460,580,1
480,0,1
480,20,2
480,40,2
480,60,1
480,80,2
480,100,2
480,120,2
480,140,2
480,160,2
480,180,2
480,200,2
480,220,2
480,240,2
480,260,2
480,280,2
480,300,1
480,320,1
480,340,1
480,360,2
480,380,2
480,400,1
480,420,1
480,440,1
480,460,1
480,480,1
480,500,1
480,520,1
480,540,2
480,560,2
480,580,1
500,0,1
500,20,2
500,40,2
500,60,1
500,80,2
500,100,2
500,120,2
500,140,2
500,160,1
500,180,1
500,200,1
500,220,1
500,240,1
500,260,1
500,280,2
500,300,1
500,320,1
500,340,1
500,360,2
500,380,2
500,400,1
500,420,1
500,440,1
500,460,1
500,480,1
500,500,1
500,520,1
500,540,2
500,560,2
500,580,1
520,0,1
520,20,2
520,40,2
520,60,1
520,80,2
520,100,2
520,120,2
520,140,2
520,160,1
520,180,1
520,200,1
520,220,1
520,240,1
520,260,1
520,280,2
520,300,1
520,320,1
520,340,1
520,360,2
520,380,2
520,400,1
520,420,2
520,440,2
520,460,2
520,480,1
520,500,1
520,520,1
520,540,2
520,560,2
520,580,1
540,0,1
540,20,2
540,40,2
540,60,1
540,80,2
540,100,2
540,120,2
540,140,2
540,160,1
540,180,1
540,200,1
540,220,1
540,240,1
540,260,1
540,280,2
540,300,1
540,320,1
540,340,1
540,360,2
540,380,2
540,400,1
540,420,1
540,440,2
540,460,1
540,480,1
540,500,1
540,520,1
540,540,2
540,560,2
540,580,1
560,0,1
560,20,2
560,40,2
560,60,1
560,80,2
560,100,2
560,120,2
560,140,2
560,160,1
560,180,1
560,200,1
560,220,1
560,240,1
560,260,1
560,280,2
560,300,1
560,320,1
560,340,1
560,360,2
560,380,2
560,400,2
560,420,2
560,440,2
560,460,2
560,480,1
560,500,2
560,520,1
560,540,2
560,560,2
560,580,1
580,0,1
580,20,2
580,40,2
580,60,1
580,80,2
580,100,2
580,120,2
580,140,2
580,160,2
580,180,2
580,200,2
580,220,2
580,240,2
580,260,2
580,280,2
580,300,2
580,320,2
580,340,2
580,360,2
580,380,2
580,400,2
580,420,2
580,440,2
580,460,2
580,480,2
580,500,2
580,520,1
580,540,2
580,560,2
580,580,1
600,0,1
600,20,2
600,40,2
600,60,1
600,80,2
600,100,2
600,120,2
600,140,2
600,160,2
600,180,2
600,200,2
600,220,2
600,240,2
600,260,2
600,280,2
600,300,2
600,320,2
600,340,2
600,360,2
600,380,2
600,400,2
600,420,2
600,440,2
600,460,2
600,480,1
600,500,2
600,520,1
600,540,2
600,560,2
600,580,1
620,0,1
620,20,2
620,40,2
620,60,1
620,80,1
620,100,1
620,120,1
620,140,1
620,160,1
620,180,1
620,200,1
620,220,1
620,240,1
620,260,1
620,280,1
620,300,1
620,320,1
620,340,1
620,360,1
620,380,1
620,400,1
620,420,1
620,440,2
620,460,1
620,480,1
620,500,1
620,520,1
620,540,2
620,560,2
620,580,1
640,0,1
640,20,2
640,40,2
640,60,1
640,80,1
640,100,1
640,120,1
640,140,1
640,160,1
640,180,1
640,200,1
640,220,1
640,240,1
640,260,1
640,280,1
640,300,1
640,320,1
640,340,1
640,360,1
640,380,1
640,400,1
640,420,2
640,440,2
640,460,2
640,480,1
640,500,1
640,520,1
640,540,2
640,560,2
640,580,1
660,0,1
660,20,2
660,40,2
660,60,1
660,80,1
660,100,1
660,120,1
660,140,1
660,160,1
660,180,1
660,200,1
660,220,1
660,240,1
660,260,1
660,280,1
660,300,1
660,320,1
660,340,1
660,360,1
660,380,1
660,400,1
660,420,1
660,440,1
660,460,1
660,480,1
660,500,1
660,520,1
660,540,2
660,560,2
660,580,1
680,0,1
680,20,2
680,40,2
680,60,1
680,80,1
680,100,1
680,120,1
680,140,1
680,160,1
680,180,1
680,200,1
680,220,1
680,240,1
680,260,1
680,280,1
680,300,1
680,320,1
680,340,1
680,360,1
680,380,1
680,400,1
680,420,1
680,440,1
680,460,1
680,480,1
680,500,1
680,520,1
680,540,2
680,560,2
680,580,1
700,0,1
700,20,2
700,40,2
700,60,1
700,80,1
700,100,1
700,120,1
700,140,1
700,160,1
700,180,1
700,200,1
700,220,1
700,240,1
700,260,1
700,280,1
700,300,1
700,320,1
700,340,1
700,360,1
700,380,1
700,400,1
700,420,1
700,440,1
700,460,1
700,480,1
700,500,1
700,520,1
700,540,2
700,560,2
700,580,1
720,0,1
720,20,2
720,40,2
720,60,2
720,80,2
720,100,2
720,120,2
720,140,2
720,160,2
720,180,2
720,200,2
720,220,2
720,240,2
720,260,2
720,280,2
720,300,2
720,320,2
720,340,2
720,360,2
720,380,2
720,400,2
720,420,2
720,440,2
720,460,2
720,480,2
720,500,2
720,520,2
720,540,2
720,560,2
720,580,1
740,0,1
740,20,2
740,40,2
740,60,2
740,80,2
740,100,2
740,120,2
740,140,2
740,160,2
740,180,2
740,200,2
740,220,2
740,240,2
740,260,2
740,280,2
740,300,2
740,320,2
740,340,2
740,360,2
740,380,2
740,400,2
740,420,2
740,440,2
740,460,2
740,480,2
740,500,2
740,520,2
740,540,2
740,560,2
740,580,1
760,0,1
760,20,2
760,40,2
760,60,2
760,80,2
760,100,2
760,120,2
760,140,2
760,160,2
760,180,2
760,200,2
760,220,2
760,240,2
760,260,2
760,280,2
760,300,2
760,320,2
760,340,2
760,360,2
760,380,2
760,400,2
760,420,2
760,440,2
760,460,2
760,480,2
760,500,2
760,520,2
760,540,2
760,560,2
760,580,1
780,0,1
780,20,1
780,40,1
780,60,1
780,80,1
780,100,1
780,120,1
780,140,1
780,160,1
780,180,1
780,200,1
780,220,1
780,240,1
780,260,1
780,280,1
780,300,1
780,320,1
780,340,1
780,360,1
780,380,1
780,400,1
780,420,1
780,440,1
780,460,1
780,480,1
780,500,1
780,520,1
780,540,1
780,560,1
780,580,1
43,546,0